Star 30 red 1.98892e+30 0.026723 -0.000000 0.000018 -0.000000 
Planet 5 green 5.974e+24 149599991103.139221 20000000.000000 -5.931241 20000.000000 

Star 30 red 1.98892e+30 0.071261 0.000004 0.000036 0.000000 
Planet 5 green 5.974e+24 149599976275.037079 39999998.810580 -11.862482 19999.999207 

Star 30 red 1.98892e+30 0.133615 0.000013 0.000053 0.000000 
Planet 5 green 5.974e+24 149599955515.692841 59999995.638793 -17.793723 19999.997621 

Star 30 red 1.98892e+30 0.213784 0.000031 0.000071 0.000000 
Planet 5 green 5.974e+24 149599928825.105530 79999989.691690 -23.724966 19999.995242 

Star 30 red 1.98892e+30 0.311768 0.000060 0.000089 0.000000 
Planet 5 green 5.974e+24 149599896203.274109 99999980.176325 -29.656210 19999.992071 

Star 30 red 1.98892e+30 0.427568 0.000101 0.000107 0.000000 
Planet 5 green 5.974e+24 149599857650.197327 119999966.299748 -35.587454 19999.988106 

Star 30 red 1.98892e+30 0.561182 0.000158 0.000125 0.000000 
Planet 5 green 5.974e+24 149599813165.873810 139999947.269008 -41.518700 19999.983348 

Star 30 red 1.98892e+30 0.712613 0.000233 0.000143 0.000000 
Planet 5 green 5.974e+24 149599762750.302002 159999922.291156 -47.449948 19999.977797 

Star 30 red 1.98892e+30 0.881858 0.000329 0.000160 0.000000 
Planet 5 green 5.974e+24 149599706403.480225 179999890.573240 -53.381197 19999.971454 

Star 30 red 1.98892e+30 1.068919 0.000447 0.000178 0.000000 
Planet 5 green 5.974e+24 149599644125.406647 199999851.322305 -59.312448 19999.964317 

Star 30 red 1.98892e+30 1.273795 0.000589 0.000196 0.000000 
Planet 5 green 5.974e+24 149599575916.079285 219999803.745398 -65.243701 19999.956388 

Star 30 red 1.98892e+30 1.496487 0.000760 0.000214 0.000000 
Planet 5 green 5.974e+24 149599501775.495972 239999747.049563 -71.174956 19999.947665 

Star 30 red 1.98892e+30 1.736994 0.000960 0.000232 0.000000 
Planet 5 green 5.974e+24 149599421703.654419 259999680.441842 -77.106213 19999.938150 

Star 30 red 1.98892e+30 1.995317 0.001192 0.000249 0.000000 
Planet 5 green 5.974e+24 149599335700.552155 279999603.129276 -83.037473 19999.927842 

Star 30 red 1.98892e+30 2.271454 0.001459 0.000267 0.000000 
Planet 5 green 5.974e+24 149599243766.186615 299999514.318904 -88.968735 19999.916740 

Star 30 red 1.98892e+30 2.565407 0.001762 0.000285 0.000000 
Planet 5 green 5.974e+24 149599145900.555023 319999413.217762 -94.899999 19999.904846 

Star 30 red 1.98892e+30 2.877176 0.002105 0.000303 0.000000 
Planet 5 green 5.974e+24 149599042103.654449 339999299.032886 -100.831267 19999.892159 

Star 30 red 1.98892e+30 3.206760 0.002490 0.000321 0.000000 
Planet 5 green 5.974e+24 149598932375.481873 359999170.971307 -106.762537 19999.878679 

Star 30 red 1.98892e+30 3.554159 0.002919 0.000338 0.000000 
Planet 5 green 5.974e+24 149598816716.034058 379999028.240057 -112.693811 19999.864405 

Star 30 red 1.98892e+30 3.919374 0.003394 0.000356 0.000000 
Planet 5 green 5.974e+24 149598695125.307648 399998870.046163 -118.625088 19999.849339 

Star 30 red 1.98892e+30 4.302404 0.003918 0.000374 0.000001 
Planet 5 green 5.974e+24 149598567603.299133 419998695.596651 -124.556368 19999.833480 

Star 30 red 1.98892e+30 4.703250 0.004493 0.000392 0.000001 
Planet 5 green 5.974e+24 149598434150.004852 439998504.098542 -130.487652 19999.816828 

Star 30 red 1.98892e+30 5.121911 0.005122 0.000410 0.000001 
Planet 5 green 5.974e+24 149598294765.420959 459998294.758856 -136.418940 19999.799383 

Star 30 red 1.98892e+30 5.558388 0.005807 0.000428 0.000001 
Planet 5 green 5.974e+24 149598149449.543488 479998066.784610 -142.350232 19999.781145 

Star 30 red 1.98892e+30 6.012680 0.006550 0.000445 0.000001 
Planet 5 green 5.974e+24 149597998202.368317 499997819.382818 -148.281527 19999.762114 

Star 30 red 1.98892e+30 6.484787 0.007354 0.000463 0.000001 
Planet 5 green 5.974e+24 149597841023.891174 519997551.760490 -154.212827 19999.742290 

Star 30 red 1.98892e+30 6.974710 0.008221 0.000481 0.000001 
Planet 5 green 5.974e+24 149597677914.107635 539997263.124633 -160.144131 19999.721673 

Star 30 red 1.98892e+30 7.482449 0.009153 0.000499 0.000001 
Planet 5 green 5.974e+24 149597508873.013123 559996952.682250 -166.075440 19999.700263 

Star 30 red 1.98892e+30 8.008003 0.010153 0.000517 0.000001 
Planet 5 green 5.974e+24 149597333900.602875 579996619.640342 -172.006754 19999.678060 

Star 30 red 1.98892e+30 8.551373 0.011224 0.000534 0.000001 
Planet 5 green 5.974e+24 149597152996.872009 599996263.205905 -177.938072 19999.655064 

Star 30 red 1.98892e+30 9.112558 0.012367 0.000552 0.000001 
Planet 5 green 5.974e+24 149596966161.815521 619995882.585931 -183.869395 19999.631275 

Star 30 red 1.98892e+30 9.691559 0.013586 0.000570 0.000001 
Planet 5 green 5.974e+24 149596773395.428192 639995476.987409 -189.800723 19999.606692 

Star 30 red 1.98892e+30 10.288376 0.014881 0.000588 0.000001 
Planet 5 green 5.974e+24 149596574697.704681 659995045.617323 -195.732057 19999.581317 

Star 30 red 1.98892e+30 10.903008 0.016257 0.000606 0.000001 
Planet 5 green 5.974e+24 149596370068.639496 679994587.682654 -201.663396 19999.555149 

Star 30 red 1.98892e+30 11.535455 0.017714 0.000624 0.000001 
Planet 5 green 5.974e+24 149596159508.226959 699994102.390377 -207.594740 19999.528188 

Star 30 red 1.98892e+30 12.185719 0.019256 0.000641 0.000002 
Planet 5 green 5.974e+24 149595943016.461304 719993588.947464 -213.526091 19999.500434 

Star 30 red 1.98892e+30 12.853798 0.020886 0.000659 0.000002 
Planet 5 green 5.974e+24 149595720593.336578 739993046.560882 -219.457447 19999.471887 

Star 30 red 1.98892e+30 13.539692 0.022604 0.000677 0.000002 
Planet 5 green 5.974e+24 149595492238.846649 759992474.437593 -225.388809 19999.442547 

Star 30 red 1.98892e+30 14.243403 0.024414 0.000695 0.000002 
Planet 5 green 5.974e+24 149595257952.985291 779991871.784554 -231.320177 19999.412414 

Star 30 red 1.98892e+30 14.964929 0.026318 0.000713 0.000002 
Planet 5 green 5.974e+24 149595017735.746094 799991237.808717 -237.251552 19999.381487 

Star 30 red 1.98892e+30 15.704271 0.028319 0.000730 0.000002 
Planet 5 green 5.974e+24 149594771587.122467 819990571.717031 -243.182933 19999.349768 

Star 30 red 1.98892e+30 16.461429 0.030419 0.000748 0.000002 
Planet 5 green 5.974e+24 149594519507.107727 839989872.716437 -249.114321 19999.317256 

Star 30 red 1.98892e+30 17.236402 0.032619 0.000766 0.000002 
Planet 5 green 5.974e+24 149594261495.694977 859989140.013872 -255.045715 19999.283950 

Star 30 red 1.98892e+30 18.029191 0.034924 0.000784 0.000002 
Planet 5 green 5.974e+24 149593997552.877197 879988372.816267 -260.977117 19999.249852 

Star 30 red 1.98892e+30 18.839796 0.037334 0.000802 0.000002 
Planet 5 green 5.974e+24 149593727678.647247 899987570.330549 -266.908526 19999.214960 

Star 30 red 1.98892e+30 19.668217 0.039853 0.000820 0.000002 
Planet 5 green 5.974e+24 149593451872.997772 919986731.763637 -272.839942 19999.179275 

Star 30 red 1.98892e+30 20.514454 0.042483 0.000837 0.000003 
Planet 5 green 5.974e+24 149593170135.921326 939985856.322446 -278.771365 19999.142798 

Star 30 red 1.98892e+30 21.378507 0.045225 0.000855 0.000003 
Planet 5 green 5.974e+24 149592882467.410278 959984943.213884 -284.702796 19999.105527 

Star 30 red 1.98892e+30 22.260375 0.048083 0.000873 0.000003 
Planet 5 green 5.974e+24 149592588867.456818 979983991.644854 -290.634234 19999.067463 

Star 30 red 1.98892e+30 23.160060 0.051059 0.000891 0.000003 
Planet 5 green 5.974e+24 149592289336.053040 999983000.822251 -296.565681 19999.028606 

Star 30 red 1.98892e+30 24.077560 0.054156 0.000909 0.000003 
Planet 5 green 5.974e+24 149591983873.190857 1019981969.952965 -302.497135 19998.988956 

Star 30 red 1.98892e+30 25.012877 0.057375 0.000926 0.000003 
Planet 5 green 5.974e+24 149591672478.862000 1039980898.243881 -308.428598 19998.948513 

Star 30 red 1.98892e+30 25.966010 0.060719 0.000944 0.000003 
Planet 5 green 5.974e+24 149591355153.058105 1059979784.901873 -314.360068 19998.907276 

Star 30 red 1.98892e+30 26.936958 0.064190 0.000962 0.000003 
Planet 5 green 5.974e+24 149591031895.770630 1079978629.133814 -320.291548 19998.865247 

Star 30 red 1.98892e+30 27.925723 0.067792 0.000980 0.000004 
Planet 5 green 5.974e+24 149590702706.990875 1099977430.146566 -326.223036 19998.822424 

Star 30 red 1.98892e+30 28.932303 0.071525 0.000998 0.000004 
Planet 5 green 5.974e+24 149590367586.709991 1119976187.146985 -332.154533 19998.778808 

Star 30 red 1.98892e+30 29.956700 0.075393 0.001015 0.000004 
Planet 5 green 5.974e+24 149590026534.919006 1139974899.341922 -338.086038 19998.734399 

Star 30 red 1.98892e+30 30.998913 0.079398 0.001033 0.000004 
Planet 5 green 5.974e+24 149589679551.608734 1159973565.938217 -344.017553 19998.689197 

Star 30 red 1.98892e+30 32.058943 0.083543 0.001051 0.000004 
Planet 5 green 5.974e+24 149589326636.769897 1179972186.142707 -349.949077 19998.643202 

Star 30 red 1.98892e+30 33.136788 0.087829 0.001069 0.000004 
Planet 5 green 5.974e+24 149588967790.393005 1199970759.162218 -355.880610 19998.596414 

Star 30 red 1.98892e+30 34.232450 0.092259 0.001087 0.000004 
Planet 5 green 5.974e+24 149588603012.468475 1219969284.203570 -361.812153 19998.548832 

Star 30 red 1.98892e+30 35.345927 0.096836 0.001105 0.000005 
Planet 5 green 5.974e+24 149588232302.986542 1239967760.473576 -367.743706 19998.500457 

Star 30 red 1.98892e+30 36.477222 0.101562 0.001122 0.000005 
Planet 5 green 5.974e+24 149587855661.937286 1259966187.179040 -373.675268 19998.451289 

Star 30 red 1.98892e+30 37.626332 0.106438 0.001140 0.000005 
Planet 5 green 5.974e+24 149587473089.310669 1279964563.526758 -379.606840 19998.401328 

Star 30 red 1.98892e+30 38.793259 0.111469 0.001158 0.000005 
Planet 5 green 5.974e+24 149587084585.096436 1299962888.723520 -385.538423 19998.350574 

Star 30 red 1.98892e+30 39.978002 0.116655 0.001176 0.000005 
Planet 5 green 5.974e+24 149586690149.284241 1319961161.976105 -391.470016 19998.299026 

Star 30 red 1.98892e+30 41.180562 0.122000 0.001194 0.000005 
Planet 5 green 5.974e+24 149586289781.863556 1339959382.491285 -397.401619 19998.246686 

Star 30 red 1.98892e+30 42.400938 0.127506 0.001211 0.000005 
Planet 5 green 5.974e+24 149585883482.823700 1359957549.475825 -403.333233 19998.193552 

Star 30 red 1.98892e+30 43.639131 0.133175 0.001229 0.000006 
Planet 5 green 5.974e+24 149585471252.153870 1379955662.136478 -409.264858 19998.139624 

Star 30 red 1.98892e+30 44.895140 0.139009 0.001247 0.000006 
Planet 5 green 5.974e+24 149585053089.843048 1399953719.679991 -415.196493 19998.084904 

Star 30 red 1.98892e+30 46.168965 0.145012 0.001265 0.000006 
Planet 5 green 5.974e+24 149584628995.880127 1419951721.313103 -421.128140 19998.029390 

Star 30 red 1.98892e+30 47.460608 0.151184 0.001283 0.000006 
Planet 5 green 5.974e+24 149584198970.253815 1439949666.242541 -427.059797 19997.973083 

Star 30 red 1.98892e+30 48.770066 0.157530 0.001301 0.000006 
Planet 5 green 5.974e+24 149583763012.952698 1459947553.675025 -432.991467 19997.915983 

Star 30 red 1.98892e+30 50.097342 0.164050 0.001318 0.000006 
Planet 5 green 5.974e+24 149583321123.965149 1479945382.817266 -438.923147 19997.858089 

Star 30 red 1.98892e+30 51.442434 0.170748 0.001336 0.000007 
Planet 5 green 5.974e+24 149582873303.279449 1499943152.875965 -444.854840 19997.799402 

Star 30 red 1.98892e+30 52.805343 0.177626 0.001354 0.000007 
Planet 5 green 5.974e+24 149582419550.883698 1519940863.057813 -450.786544 19997.739922 

Star 30 red 1.98892e+30 54.186069 0.184686 0.001372 0.000007 
Planet 5 green 5.974e+24 149581959866.765869 1539938512.569494 -456.718260 19997.679648 

Star 30 red 1.98892e+30 55.584611 0.191931 0.001390 0.000007 
Planet 5 green 5.974e+24 149581494250.913757 1559936100.617679 -462.649988 19997.618582 

Star 30 red 1.98892e+30 57.000971 0.199362 0.001407 0.000007 
Planet 5 green 5.974e+24 149581022703.315002 1579933626.409031 -468.581729 19997.556721 

Star 30 red 1.98892e+30 58.435147 0.206983 0.001425 0.000008 
Planet 5 green 5.974e+24 149580545223.957092 1599931089.150203 -474.513481 19997.494068 

Star 30 red 1.98892e+30 59.887140 0.214796 0.001443 0.000008 
Planet 5 green 5.974e+24 149580061812.827393 1619928488.047838 -480.445247 19997.430621 

Star 30 red 1.98892e+30 61.356950 0.222803 0.001461 0.000008 
Planet 5 green 5.974e+24 149579572469.913086 1639925822.308569 -486.377025 19997.366381 

Star 30 red 1.98892e+30 62.844577 0.231007 0.001479 0.000008 
Planet 5 green 5.974e+24 149579077195.201202 1659923091.139018 -492.308816 19997.301347 

Star 30 red 1.98892e+30 64.350021 0.239409 0.001497 0.000008 
Planet 5 green 5.974e+24 149578575988.678650 1679920293.745796 -498.240620 19997.235520 

Star 30 red 1.98892e+30 65.873282 0.248013 0.001514 0.000009 
Planet 5 green 5.974e+24 149578068850.332153 1699917429.335507 -504.172438 19997.168900 

Star 30 red 1.98892e+30 67.414360 0.256820 0.001532 0.000009 
Planet 5 green 5.974e+24 149577555780.148315 1719914497.114740 -510.104268 19997.101486 

Star 30 red 1.98892e+30 68.973256 0.265833 0.001550 0.000009 
Planet 5 green 5.974e+24 149577036778.113556 1739911496.290075 -516.036113 19997.033279 

Star 30 red 1.98892e+30 70.549968 0.275055 0.001568 0.000009 
Planet 5 green 5.974e+24 149576511844.214142 1759908426.068082 -521.967971 19996.964278 

Star 30 red 1.98892e+30 72.144498 0.284488 0.001586 0.000009 
Planet 5 green 5.974e+24 149575980978.436218 1779905285.655319 -527.899842 19996.894484 

Star 30 red 1.98892e+30 73.756845 0.294134 0.001603 0.000010 
Planet 5 green 5.974e+24 149575444180.765747 1799902074.258333 -533.831728 19996.823897 

Star 30 red 1.98892e+30 75.387009 0.303995 0.001621 0.000010 
Planet 5 green 5.974e+24 149574901451.188538 1819898791.083659 -539.763627 19996.752516 

Star 30 red 1.98892e+30 77.034991 0.314075 0.001639 0.000010 
Planet 5 green 5.974e+24 149574352789.690277 1839895435.337821 -545.695541 19996.680341 

Star 30 red 1.98892e+30 78.700790 0.324374 0.001657 0.000010 
Planet 5 green 5.974e+24 149573798196.256470 1859892006.227334 -551.627470 19996.607373 

Star 30 red 1.98892e+30 80.384407 0.334897 0.001675 0.000010 
Planet 5 green 5.974e+24 149573237670.872498 1879888502.958697 -557.559413 19996.533612 

Star 30 red 1.98892e+30 82.085841 0.345645 0.001693 0.000011 
Planet 5 green 5.974e+24 149572671213.523560 1899884924.738400 -563.491370 19996.459057 

Star 30 red 1.98892e+30 83.805092 0.356620 0.001710 0.000011 
Planet 5 green 5.974e+24 149572098824.194702 1919881270.772920 -569.423343 19996.383709 

Star 30 red 1.98892e+30 85.542161 0.367825 0.001728 0.000011 
Planet 5 green 5.974e+24 149571520502.870850 1939877540.268723 -575.355330 19996.307567 

Star 30 red 1.98892e+30 87.297048 0.379262 0.001746 0.000011 
Planet 5 green 5.974e+24 149570936249.536774 1959873732.432263 -581.287333 19996.230631 

Star 30 red 1.98892e+30 89.069753 0.390934 0.001764 0.000012 
Planet 5 green 5.974e+24 149570346064.177063 1979869846.469980 -587.219351 19996.152902 

Star 30 red 1.98892e+30 90.860275 0.402843 0.001782 0.000012 
Planet 5 green 5.974e+24 149569749946.776154 1999865881.588303 -593.151384 19996.074380 

Star 30 red 1.98892e+30 92.668615 0.414992 0.001799 0.000012 
Planet 5 green 5.974e+24 149569147897.318359 2019861836.993649 -599.083433 19995.995063 

Star 30 red 1.98892e+30 94.494773 0.427382 0.001817 0.000012 
Planet 5 green 5.974e+24 149568539915.787811 2039857711.892420 -605.015498 19995.914954 

Star 30 red 1.98892e+30 96.338748 0.440017 0.001835 0.000013 
Planet 5 green 5.974e+24 149567926002.168518 2059853505.491007 -610.947579 19995.834050 

Star 30 red 1.98892e+30 98.200542 0.452898 0.001853 0.000013 
Planet 5 green 5.974e+24 149567306156.444336 2079849216.995789 -616.879676 19995.752353 

Star 30 red 1.98892e+30 100.080153 0.466028 0.001871 0.000013 
Planet 5 green 5.974e+24 149566680378.598938 2099844845.613129 -622.811789 19995.669863 

Star 30 red 1.98892e+30 101.977583 0.479409 0.001889 0.000013 
Planet 5 green 5.974e+24 149566048668.615845 2119840390.549381 -628.743918 19995.586578 

Star 30 red 1.98892e+30 103.892830 0.493044 0.001906 0.000014 
Planet 5 green 5.974e+24 149565411026.478455 2139835851.010882 -634.676064 19995.502500 

Star 30 red 1.98892e+30 105.825896 0.506936 0.001924 0.000014 
Planet 5 green 5.974e+24 149564767452.169983 2159831226.203957 -640.608227 19995.417629 

Star 30 red 1.98892e+30 107.776780 0.521086 0.001942 0.000014 
Planet 5 green 5.974e+24 149564117945.673523 2179826515.334918 -646.540407 19995.331964 

Star 30 red 1.98892e+30 109.745482 0.535496 0.001960 0.000014 
Planet 5 green 5.974e+24 149563462506.972015 2199821717.610063 -652.472603 19995.245505 

Star 30 red 1.98892e+30 111.732002 0.550170 0.001978 0.000015 
Planet 5 green 5.974e+24 149562801136.048218 2219816832.235676 -658.404817 19995.158252 

Star 30 red 1.98892e+30 113.736340 0.565110 0.001995 0.000015 
Planet 5 green 5.974e+24 149562133832.884735 2239811858.418027 -664.337048 19995.070206 

Star 30 red 1.98892e+30 115.758497 0.580317 0.002013 0.000015 
Planet 5 green 5.974e+24 149561460597.464081 2259806795.363372 -670.269296 19994.981365 

Star 30 red 1.98892e+30 117.798473 0.595795 0.002031 0.000015 
Planet 5 green 5.974e+24 149560781429.768524 2279801642.277955 -676.201563 19994.891732 

Star 30 red 1.98892e+30 119.856267 0.611546 0.002049 0.000016 
Planet 5 green 5.974e+24 149560096329.780273 2299796398.368001 -682.133846 19994.801304 

Star 30 red 1.98892e+30 121.931879 0.627572 0.002067 0.000016 
Planet 5 green 5.974e+24 149559405297.481323 2319791062.839726 -688.066148 19994.710082 

Star 30 red 1.98892e+30 124.025310 0.643876 0.002085 0.000016 
Planet 5 green 5.974e+24 149558708332.853516 2339785634.899328 -693.998468 19994.618067 

Star 30 red 1.98892e+30 126.136560 0.660459 0.002102 0.000016 
Planet 5 green 5.974e+24 149558005435.878571 2359780113.752992 -699.930806 19994.525258 

Star 30 red 1.98892e+30 128.265628 0.677325 0.002120 0.000017 
Planet 5 green 5.974e+24 149557296606.538055 2379774498.606886 -705.863162 19994.431655 

Star 30 red 1.98892e+30 130.412515 0.694476 0.002138 0.000017 
Planet 5 green 5.974e+24 149556581844.813354 2399768788.667167 -711.795537 19994.337259 

Star 30 red 1.98892e+30 132.577221 0.711913 0.002156 0.000017 
Planet 5 green 5.974e+24 149555861150.685730 2419762983.139973 -717.727931 19994.242068 

Star 30 red 1.98892e+30 134.759745 0.729641 0.002174 0.000018 
Planet 5 green 5.974e+24 149555134524.136292 2439757081.231429 -723.660343 19994.146084 

Star 30 red 1.98892e+30 136.960089 0.747660 0.002191 0.000018 
Planet 5 green 5.974e+24 149554401965.145966 2459751082.147645 -729.592775 19994.049305 

Star 30 red 1.98892e+30 139.178252 0.765973 0.002209 0.000018 
Planet 5 green 5.974e+24 149553663473.695557 2479744985.094714 -735.525225 19993.951733 

Star 30 red 1.98892e+30 141.414233 0.784583 0.002227 0.000018 
Planet 5 green 5.974e+24 149552919049.765686 2499738789.278715 -741.457695 19993.853367 

Star 30 red 1.98892e+30 143.668034 0.803492 0.002245 0.000019 
Planet 5 green 5.974e+24 149552168693.336853 2519732493.905712 -747.390184 19993.754207 

Star 30 red 1.98892e+30 145.939654 0.822703 0.002263 0.000019 
Planet 5 green 5.974e+24 149551412404.389404 2539726098.181750 -753.322693 19993.654253 

Star 30 red 1.98892e+30 148.229093 0.842217 0.002281 0.000019 
Planet 5 green 5.974e+24 149550650182.903534 2559719601.312862 -759.255222 19993.553505 

Star 30 red 1.98892e+30 150.536351 0.862037 0.002298 0.000020 
Planet 5 green 5.974e+24 149549882028.859253 2579713002.505063 -765.187770 19993.451963 

Star 30 red 1.98892e+30 152.861429 0.882166 0.002316 0.000020 
Planet 5 green 5.974e+24 149549107942.236450 2599706300.964352 -771.120339 19993.349627 

Star 30 red 1.98892e+30 155.204326 0.902606 0.002334 0.000020 
Planet 5 green 5.974e+24 149548327923.014832 2619699495.896711 -777.052927 19993.246497 

Star 30 red 1.98892e+30 157.565042 0.923360 0.002352 0.000021 
Planet 5 green 5.974e+24 149547541971.173981 2639692586.508108 -782.985536 19993.142573 

Star 30 red 1.98892e+30 159.943578 0.944429 0.002370 0.000021 
Planet 5 green 5.974e+24 149546750086.693329 2659685572.004492 -788.918166 19993.037855 

Star 30 red 1.98892e+30 162.339934 0.965816 0.002387 0.000021 
Planet 5 green 5.974e+24 149545952269.552124 2679678451.591797 -794.850816 19992.932343 

Star 30 red 1.98892e+30 164.754109 0.987523 0.002405 0.000022 
Planet 5 green 5.974e+24 149545148519.729523 2699671224.475940 -800.783487 19992.826037 

Star 30 red 1.98892e+30 167.186104 1.009554 0.002423 0.000022 
Planet 5 green 5.974e+24 149544338837.204468 2719663889.862820 -806.716179 19992.718937 

Star 30 red 1.98892e+30 169.635919 1.031910 0.002441 0.000022 
Planet 5 green 5.974e+24 149543523221.955750 2739656446.958320 -812.648892 19992.611043 

Star 30 red 1.98892e+30 172.103554 1.054593 0.002459 0.000023 
Planet 5 green 5.974e+24 149542701673.962067 2759648894.968306 -818.581627 19992.502354 

Star 30 red 1.98892e+30 174.589008 1.077607 0.002477 0.000023 
Planet 5 green 5.974e+24 149541874193.201904 2779641233.098626 -824.514382 19992.392872 

Star 30 red 1.98892e+30 177.092282 1.100953 0.002494 0.000023 
Planet 5 green 5.974e+24 149541040779.653625 2799633460.555112 -830.447160 19992.282595 

Star 30 red 1.98892e+30 179.613377 1.124633 0.002512 0.000024 
Planet 5 green 5.974e+24 149540201433.295410 2819625576.543577 -836.379959 19992.171524 

Star 30 red 1.98892e+30 182.152291 1.148651 0.002530 0.000024 
Planet 5 green 5.974e+24 149539356154.105316 2839617580.269817 -842.312780 19992.059659 

Star 30 red 1.98892e+30 184.709026 1.173009 0.002548 0.000024 
Planet 5 green 5.974e+24 149538504942.061249 2859609470.939611 -848.245623 19991.946999 

Star 30 red 1.98892e+30 187.283581 1.197708 0.002566 0.000025 
Planet 5 green 5.974e+24 149537647797.140961 2879601247.758718 -854.178488 19991.833546 

Star 30 red 1.98892e+30 189.875956 1.222752 0.002583 0.000025 
Planet 5 green 5.974e+24 149536784719.322052 2899592909.932882 -860.111375 19991.719298 

Star 30 red 1.98892e+30 192.486152 1.248143 0.002601 0.000025 
Planet 5 green 5.974e+24 149535915708.581940 2919584456.667827 -866.044285 19991.604256 

Star 30 red 1.98892e+30 195.114168 1.273882 0.002619 0.000026 
Planet 5 green 5.974e+24 149535040764.897919 2939575887.169259 -871.977218 19991.488420 

Star 30 red 1.98892e+30 197.760004 1.299974 0.002637 0.000026 
Planet 5 green 5.974e+24 149534159888.247131 2959567200.642865 -877.910173 19991.371789 

Star 30 red 1.98892e+30 200.423661 1.326419 0.002655 0.000026 
Planet 5 green 5.974e+24 149533273078.606537 2979558396.294314 -883.843151 19991.254364 

Star 30 red 1.98892e+30 203.105139 1.353220 0.002673 0.000027 
Planet 5 green 5.974e+24 149532380335.953003 2999549473.329258 -889.776153 19991.136145 

Star 30 red 1.98892e+30 205.804437 1.380380 0.002690 0.000027 
Planet 5 green 5.974e+24 149531481660.263184 3019540430.953329 -895.709177 19991.017131 

Star 30 red 1.98892e+30 208.521557 1.407901 0.002708 0.000027 
Planet 5 green 5.974e+24 149530577051.513611 3039531268.372139 -901.642226 19990.897323 

Star 30 red 1.98892e+30 211.256497 1.435786 0.002726 0.000028 
Planet 5 green 5.974e+24 149529666509.680664 3059521984.791282 -907.575297 19990.776720 

Star 30 red 1.98892e+30 214.009258 1.464036 0.002744 0.000028 
Planet 5 green 5.974e+24 149528750034.740540 3079512579.416333 -913.508392 19990.655323 

Star 30 red 1.98892e+30 216.779839 1.492655 0.002762 0.000028 
Planet 5 green 5.974e+24 149527827626.669342 3099503051.452849 -919.441512 19990.533132 

Star 30 red 1.98892e+30 219.568242 1.521644 0.002779 0.000029 
Planet 5 green 5.974e+24 149526899285.442963 3119493400.106365 -925.374655 19990.410146 

Star 30 red 1.98892e+30 222.374467 1.551006 0.002797 0.000029 
Planet 5 green 5.974e+24 149525965011.037170 3139483624.582399 -931.307822 19990.286366 

Star 30 red 1.98892e+30 225.198512 1.580743 0.002815 0.000030 
Planet 5 green 5.974e+24 149525024803.427551 3159473724.086447 -937.241014 19990.161791 

Star 30 red 1.98892e+30 228.040379 1.610859 0.002833 0.000030 
Planet 5 green 5.974e+24 149524078662.589600 3179463697.823988 -943.174230 19990.036422 

Star 30 red 1.98892e+30 230.900067 1.641354 0.002851 0.000030 
Planet 5 green 5.974e+24 149523126588.498596 3199453545.000479 -949.107471 19989.910258 

Star 30 red 1.98892e+30 233.777576 1.672232 0.002869 0.000031 
Planet 5 green 5.974e+24 149522168581.129730 3219443264.821357 -955.040736 19989.783300 

Star 30 red 1.98892e+30 236.672907 1.703495 0.002886 0.000031 
Planet 5 green 5.974e+24 149521204640.457977 3239432856.492041 -960.974027 19989.655547 

Star 30 red 1.98892e+30 239.586059 1.735145 0.002904 0.000031 
Planet 5 green 5.974e+24 149520234766.458160 3259422319.217927 -966.907342 19989.527000 

Star 30 red 1.98892e+30 242.517034 1.767185 0.002922 0.000032 
Planet 5 green 5.974e+24 149519258959.105011 3279411652.204394 -972.840683 19989.397658 

Star 30 red 1.98892e+30 245.465829 1.799617 0.002940 0.000032 
Planet 5 green 5.974e+24 149518277218.373077 3299400854.656796 -978.774049 19989.267521 

Star 30 red 1.98892e+30 248.432447 1.832443 0.002958 0.000033 
Planet 5 green 5.974e+24 149517289544.236725 3319389925.780472 -984.707441 19989.136589 

Star 30 red 1.98892e+30 251.416887 1.865667 0.002976 0.000033 
Planet 5 green 5.974e+24 149516295936.670197 3339378864.780735 -990.640858 19989.004863 

Star 30 red 1.98892e+30 254.419148 1.899289 0.002993 0.000033 
Planet 5 green 5.974e+24 149515296395.647583 3359367670.862879 -996.574301 19988.872343 

Star 30 red 1.98892e+30 257.439232 1.933313 0.003011 0.000034 
Planet 5 green 5.974e+24 149514290921.142822 3379356343.232180 -1002.507770 19988.739027 

Star 30 red 1.98892e+30 260.477138 1.967741 0.003029 0.000034 
Planet 5 green 5.974e+24 149513279513.129700 3399344881.093888 -1008.441265 19988.604917 

Star 30 red 1.98892e+30 263.532866 2.002576 0.003047 0.000035 
Planet 5 green 5.974e+24 149512262171.581848 3419333283.653235 -1014.374787 19988.470012 

Star 30 red 1.98892e+30 266.606416 2.037819 0.003065 0.000035 
Planet 5 green 5.974e+24 149511238896.472717 3439321550.115431 -1020.308335 19988.334312 

Star 30 red 1.98892e+30 269.697788 2.073474 0.003082 0.000035 
Planet 5 green 5.974e+24 149510209687.775665 3459309679.685664 -1026.241910 19988.197818 

Star 30 red 1.98892e+30 272.806983 2.109542 0.003100 0.000036 
Planet 5 green 5.974e+24 149509174545.463837 3479297671.569100 -1032.175511 19988.060528 

Star 30 red 1.98892e+30 275.934001 2.146026 0.003118 0.000036 
Planet 5 green 5.974e+24 149508133469.510254 3499285524.970885 -1038.109139 19987.922444 

Star 30 red 1.98892e+30 279.078841 2.182928 0.003136 0.000037 
Planet 5 green 5.974e+24 149507086459.887787 3519273239.096141 -1044.042795 19987.783565 

Star 30 red 1.98892e+30 282.241504 2.220251 0.003154 0.000037 
Planet 5 green 5.974e+24 149506033516.569153 3539260813.149971 -1049.976477 19987.643891 

Star 30 red 1.98892e+30 285.421990 2.257997 0.003172 0.000038 
Planet 5 green 5.974e+24 149504974639.526917 3559248246.337452 -1055.910187 19987.503422 

Star 30 red 1.98892e+30 288.620298 2.296169 0.003189 0.000038 
Planet 5 green 5.974e+24 149503909828.733459 3579235537.863642 -1061.843925 19987.362158 

Star 30 red 1.98892e+30 291.836429 2.334769 0.003207 0.000038 
Planet 5 green 5.974e+24 149502839084.161072 3599222686.933575 -1067.777690 19987.220099 

Star 30 red 1.98892e+30 295.070384 2.373799 0.003225 0.000039 
Planet 5 green 5.974e+24 149501762405.781830 3619209692.752263 -1073.711483 19987.077246 

Star 30 red 1.98892e+30 298.322161 2.413261 0.003243 0.000039 
Planet 5 green 5.974e+24 149500679793.567719 3639196554.524695 -1079.645304 19986.933597 

Star 30 red 1.98892e+30 301.591762 2.453159 0.003261 0.000040 
Planet 5 green 5.974e+24 149499591247.490509 3659183271.455839 -1085.579153 19986.789153 

Star 30 red 1.98892e+30 304.879186 2.493494 0.003279 0.000040 
Planet 5 green 5.974e+24 149498496767.521851 3679169842.750638 -1091.513030 19986.643914 

Star 30 red 1.98892e+30 308.184433 2.534268 0.003296 0.000041 
Planet 5 green 5.974e+24 149497396353.633240 3699156267.614013 -1097.446936 19986.497880 

Star 30 red 1.98892e+30 311.507504 2.575486 0.003314 0.000041 
Planet 5 green 5.974e+24 149496290005.796021 3719142545.250861 -1103.380870 19986.351051 

Star 30 red 1.98892e+30 314.848399 2.617147 0.003332 0.000041 
Planet 5 green 5.974e+24 149495177723.981384 3739128674.866058 -1109.314833 19986.203427 

Star 30 red 1.98892e+30 318.207117 2.659256 0.003350 0.000042 
Planet 5 green 5.974e+24 149494059508.160339 3759114655.664454 -1115.248825 19986.055008 

Star 30 red 1.98892e+30 321.583658 2.701814 0.003368 0.000042 
Planet 5 green 5.974e+24 149492935358.303802 3779100486.850877 -1121.182846 19985.905794 

Star 30 red 1.98892e+30 324.978024 2.744824 0.003385 0.000043 
Planet 5 green 5.974e+24 149491805274.382507 3799086167.630132 -1127.116896 19985.755784 

Star 30 red 1.98892e+30 328.390213 2.788288 0.003403 0.000043 
Planet 5 green 5.974e+24 149490669256.367004 3819071697.206999 -1133.050976 19985.604979 

Star 30 red 1.98892e+30 331.820226 2.832208 0.003421 0.000044 
Planet 5 green 5.974e+24 149489527304.227722 3839057074.786233 -1138.985085 19985.453379 

Star 30 red 1.98892e+30 335.268064 2.876587 0.003439 0.000044 
Planet 5 green 5.974e+24 149488379417.934967 3859042299.572569 -1144.919223 19985.300984 

Star 30 red 1.98892e+30 338.733725 2.921428 0.003457 0.000045 
Planet 5 green 5.974e+24 149487225597.458832 3879027370.770714 -1150.853392 19985.147793 

Star 30 red 1.98892e+30 342.217211 2.966733 0.003475 0.000045 
Planet 5 green 5.974e+24 149486065842.769287 3899012287.585352 -1156.787590 19984.993808 

Star 30 red 1.98892e+30 345.718521 3.012503 0.003492 0.000046 
Planet 5 green 5.974e+24 149484900153.836151 3918997049.221145 -1162.721819 19984.839026 

Star 30 red 1.98892e+30 349.237656 3.058742 0.003510 0.000046 
Planet 5 green 5.974e+24 149483728530.629089 3938981654.882726 -1168.656078 19984.683450 

Star 30 red 1.98892e+30 352.774615 3.105452 0.003528 0.000046 
Planet 5 green 5.974e+24 149482550973.117584 3958966103.774708 -1174.590367 19984.527078 

Star 30 red 1.98892e+30 356.329398 3.152635 0.003546 0.000047 
Planet 5 green 5.974e+24 149481367481.271027 3978950395.101676 -1180.524687 19984.369911 

Star 30 red 1.98892e+30 359.902007 3.200294 0.003564 0.000047 
Planet 5 green 5.974e+24 149480178055.058624 3998934528.068191 -1186.459037 19984.211948 

Star 30 red 1.98892e+30 363.492440 3.248431 0.003582 0.000048 
Planet 5 green 5.974e+24 149478982694.449402 4018918501.878790 -1192.393419 19984.053190 

Star 30 red 1.98892e+30 367.100698 3.297049 0.003599 0.000048 
Planet 5 green 5.974e+24 149477781399.412292 4038902315.737984 -1198.327831 19983.893636 

Star 30 red 1.98892e+30 370.726781 3.346149 0.003617 0.000049 
Planet 5 green 5.974e+24 149476574169.916016 4058885968.850260 -1204.262274 19983.733287 

Star 30 red 1.98892e+30 374.370689 3.395734 0.003635 0.000049 
Planet 5 green 5.974e+24 149475361005.929199 4078869460.420077 -1210.196749 19983.572142 

Star 30 red 1.98892e+30 378.032422 3.445807 0.003653 0.000050 
Planet 5 green 5.974e+24 149474141907.420258 4098852789.651871 -1216.131256 19983.410202 

Star 30 red 1.98892e+30 381.711981 3.496370 0.003671 0.000050 
Planet 5 green 5.974e+24 149472916874.357483 4118835955.750052 -1222.065794 19983.247466 

Star 30 red 1.98892e+30 385.409365 3.547425 0.003688 0.000051 
Planet 5 green 5.974e+24 149471685906.709015 4138818957.919004 -1228.000364 19983.083935 

Star 30 red 1.98892e+30 389.124574 3.598976 0.003706 0.000051 
Planet 5 green 5.974e+24 149470449004.442841 4158801795.363084 -1233.934965 19982.919608 

Star 30 red 1.98892e+30 392.857609 3.651023 0.003724 0.000052 
Planet 5 green 5.974e+24 149469206167.526794 4178784467.286625 -1239.869599 19982.754485 

Star 30 red 1.98892e+30 396.608469 3.703570 0.003742 0.000052 
Planet 5 green 5.974e+24 149467957395.928558 4198766972.893933 -1245.804265 19982.588567 

Star 30 red 1.98892e+30 400.377156 3.756619 0.003760 0.000053 
Planet 5 green 5.974e+24 149466702689.615662 4218749311.389288 -1251.738964 19982.421852 

Star 30 red 1.98892e+30 404.163668 3.810172 0.003778 0.000053 
Planet 5 green 5.974e+24 149465442048.555481 4238731481.976943 -1257.673695 19982.254343 

Star 30 red 1.98892e+30 407.968006 3.864232 0.003795 0.000054 
Planet 5 green 5.974e+24 149464175472.715210 4258713483.861125 -1263.608458 19982.086037 

Star 30 red 1.98892e+30 411.790170 3.918801 0.003813 0.000054 
Planet 5 green 5.974e+24 149462902962.061951 4278695316.246034 -1269.543255 19981.916936 

Star 30 red 1.98892e+30 415.630160 3.973881 0.003831 0.000055 
Planet 5 green 5.974e+24 149461624516.562592 4298676978.335844 -1275.478085 19981.747038 

Star 30 red 1.98892e+30 419.487977 4.029475 0.003849 0.000055 
Planet 5 green 5.974e+24 149460340136.183929 4318658469.334702 -1281.412947 19981.576345 

Star 30 red 1.98892e+30 423.363619 4.085586 0.003867 0.000056 
Planet 5 green 5.974e+24 149459049820.892548 4338639788.446729 -1287.347843 19981.404856 

Star 30 red 1.98892e+30 427.257089 4.142215 0.003885 0.000056 
Planet 5 green 5.974e+24 149457753570.654907 4358620934.876016 -1293.282773 19981.232572 

Star 30 red 1.98892e+30 431.168385 4.199366 0.003902 0.000057 
Planet 5 green 5.974e+24 149456451385.437317 4378601907.826629 -1299.217736 19981.059491 

Star 30 red 1.98892e+30 435.097507 4.257040 0.003920 0.000057 
Planet 5 green 5.974e+24 149455143265.205933 4398582706.502605 -1305.152733 19980.885614 

Star 30 red 1.98892e+30 439.044456 4.315239 0.003938 0.000058 
Planet 5 green 5.974e+24 149453829209.926758 4418563330.107957 -1311.087764 19980.710942 

Star 30 red 1.98892e+30 443.009232 4.373967 0.003956 0.000058 
Planet 5 green 5.974e+24 149452509219.565643 4438543777.846667 -1317.022829 19980.535473 

Star 30 red 1.98892e+30 446.991835 4.433226 0.003974 0.000059 
Planet 5 green 5.974e+24 149451183294.088287 4458524048.922690 -1322.957928 19980.359208 

Star 30 red 1.98892e+30 450.992265 4.493018 0.003992 0.000060 
Planet 5 green 5.974e+24 149449851433.460236 4478504142.539955 -1328.893061 19980.182148 

Star 30 red 1.98892e+30 455.010523 4.553345 0.004009 0.000060 
Planet 5 green 5.974e+24 149448513637.646851 4498484057.902361 -1334.828229 19980.004291 

Star 30 red 1.98892e+30 459.046607 4.614209 0.004027 0.000061 
Planet 5 green 5.974e+24 149447169906.613403 4518463794.213778 -1340.763432 19979.825638 

Star 30 red 1.98892e+30 463.100519 4.675614 0.004045 0.000061 
Planet 5 green 5.974e+24 149445820240.324951 4538443350.678051 -1346.698670 19979.646189 

Star 30 red 1.98892e+30 467.172258 4.737562 0.004063 0.000062 
Planet 5 green 5.974e+24 149444464638.746460 4558422726.498995 -1352.633942 19979.465944 

Star 30 red 1.98892e+30 471.261825 4.800055 0.004081 0.000062 
Planet 5 green 5.974e+24 149443103101.842682 4578401920.880395 -1358.569250 19979.284902 

Star 30 red 1.98892e+30 475.369220 4.863095 0.004098 0.000063 
Planet 5 green 5.974e+24 149441735629.578247 4598380933.026010 -1364.504593 19979.103064 

Star 30 red 1.98892e+30 479.494442 4.926684 0.004116 0.000063 
Planet 5 green 5.974e+24 149440362221.917633 4618359762.139568 -1370.439971 19978.920431 

Star 30 red 1.98892e+30 483.637493 4.990826 0.004134 0.000064 
Planet 5 green 5.974e+24 149438982878.825165 4638338407.424771 -1376.375385 19978.737000 

Star 30 red 1.98892e+30 487.798371 5.055523 0.004152 0.000064 
Planet 5 green 5.974e+24 149437597600.265015 4658316868.085290 -1382.310835 19978.552774 

Star 30 red 1.98892e+30 491.977077 5.120776 0.004170 0.000065 
Planet 5 green 5.974e+24 149436206386.201202 4678295143.324766 -1388.246321 19978.367751 

Star 30 red 1.98892e+30 496.173612 5.186589 0.004188 0.000066 
Planet 5 green 5.974e+24 149434809236.597565 4698273232.346813 -1394.181843 19978.181932 

Star 30 red 1.98892e+30 500.387975 5.252963 0.004205 0.000066 
Planet 5 green 5.974e+24 149433406151.417847 4718251134.355015 -1400.117401 19977.995316 

Star 30 red 1.98892e+30 504.620167 5.319902 0.004223 0.000067 
Planet 5 green 5.974e+24 149431997130.625580 4738228848.552925 -1406.052995 19977.807904 

Star 30 red 1.98892e+30 508.870187 5.387407 0.004241 0.000067 
Planet 5 green 5.974e+24 149430582174.184204 4758206374.144068 -1411.988626 19977.619695 

Star 30 red 1.98892e+30 513.138035 5.455481 0.004259 0.000068 
Planet 5 green 5.974e+24 149429161282.056946 4778183710.331939 -1417.924293 19977.430690 

Star 30 red 1.98892e+30 517.423713 5.524126 0.004277 0.000068 
Planet 5 green 5.974e+24 149427734454.206909 4798160856.320003 -1423.859998 19977.240889 

Star 30 red 1.98892e+30 521.727219 5.593345 0.004295 0.000069 
Planet 5 green 5.974e+24 149426301690.597046 4818137811.311694 -1429.795739 19977.050291 

Star 30 red 1.98892e+30 526.048554 5.663140 0.004312 0.000070 
Planet 5 green 5.974e+24 149424862991.190155 4838114574.510419 -1435.731518 19976.858896 

Star 30 red 1.98892e+30 530.387719 5.733513 0.004330 0.000070 
Planet 5 green 5.974e+24 149423418355.948853 4858091145.119552 -1441.667333 19976.666705 

Star 30 red 1.98892e+30 534.744712 5.804468 0.004348 0.000071 
Planet 5 green 5.974e+24 149421967784.835663 4878067522.342436 -1447.603187 19976.473717 

Star 30 red 1.98892e+30 539.119535 5.876005 0.004366 0.000071 
Planet 5 green 5.974e+24 149420511277.812897 4898043705.382386 -1453.539077 19976.279932 

Star 30 red 1.98892e+30 543.512188 5.948128 0.004384 0.000072 
Planet 5 green 5.974e+24 149419048834.842743 4918019693.442686 -1459.475006 19976.085351 

Star 30 red 1.98892e+30 547.922670 6.020840 0.004402 0.000072 
Planet 5 green 5.974e+24 149417580455.887268 4937995485.726587 -1465.410972 19975.889973 

Star 30 red 1.98892e+30 552.350982 6.094141 0.004419 0.000073 
Planet 5 green 5.974e+24 149416106140.908325 4957971081.437312 -1471.346977 19975.693798 

Star 30 red 1.98892e+30 556.797123 6.168036 0.004437 0.000074 
Planet 5 green 5.974e+24 149414625889.867615 4977946479.778051 -1477.283019 19975.496827 

Star 30 red 1.98892e+30 561.261094 6.242526 0.004455 0.000074 
Planet 5 green 5.974e+24 149413139702.726746 4997921679.951964 -1483.219100 19975.299058 

Star 30 red 1.98892e+30 565.742896 6.317613 0.004473 0.000075 
Planet 5 green 5.974e+24 149411647579.447113 5017896681.162179 -1489.155220 19975.100493 

Star 30 red 1.98892e+30 570.242527 6.393300 0.004491 0.000075 
Planet 5 green 5.974e+24 149410149519.990021 5037871482.611793 -1495.091378 19974.901131 

Star 30 red 1.98892e+30 574.759989 6.469590 0.004509 0.000076 
Planet 5 green 5.974e+24 149408645524.316559 5057846083.503871 -1501.027575 19974.700972 

Star 30 red 1.98892e+30 579.295281 6.546485 0.004526 0.000077 
Planet 5 green 5.974e+24 149407135592.387695 5077820483.041449 -1506.963811 19974.500016 

Star 30 red 1.98892e+30 583.848404 6.623986 0.004544 0.000077 
Planet 5 green 5.974e+24 149405619724.164246 5097794680.427526 -1512.900086 19974.298263 

Star 30 red 1.98892e+30 588.419357 6.702098 0.004562 0.000078 
Planet 5 green 5.974e+24 149404097919.606842 5117768674.865076 -1518.836400 19974.095713 

Star 30 red 1.98892e+30 593.008141 6.780821 0.004580 0.000078 
Planet 5 green 5.974e+24 149402570178.676025 5137742465.557035 -1524.772754 19973.892365 

Star 30 red 1.98892e+30 597.614756 6.860159 0.004598 0.000079 
Planet 5 green 5.974e+24 149401036501.332123 5157716051.706310 -1530.709147 19973.688221 

Star 30 red 1.98892e+30 602.239202 6.940113 0.004616 0.000080 
Planet 5 green 5.974e+24 149399496887.535339 5177689432.515775 -1536.645580 19973.483280 

Star 30 red 1.98892e+30 606.881479 7.020687 0.004633 0.000080 
Planet 5 green 5.974e+24 149397951337.245728 5197662607.188271 -1542.582053 19973.277542 

Star 30 red 1.98892e+30 611.541587 7.101882 0.004651 0.000081 
Planet 5 green 5.974e+24 149396399850.423157 5217635574.926607 -1548.518566 19973.071006 

Star 30 red 1.98892e+30 616.219527 7.183701 0.004669 0.000082 
Planet 5 green 5.974e+24 149394842427.027405 5237608334.933561 -1554.455119 19972.863673 

Star 30 red 1.98892e+30 620.915298 7.266147 0.004687 0.000082 
Planet 5 green 5.974e+24 149393279067.018036 5257580886.411877 -1560.391713 19972.655543 

Star 30 red 1.98892e+30 625.628900 7.349221 0.004705 0.000083 
Planet 5 green 5.974e+24 149391709770.354492 5277553228.564264 -1566.328347 19972.446616 

Star 30 red 1.98892e+30 630.360334 7.432926 0.004723 0.000083 
Planet 5 green 5.974e+24 149390134536.996063 5297525360.593402 -1572.265021 19972.236891 

Star 30 red 1.98892e+30 635.109600 7.517265 0.004740 0.000084 
Planet 5 green 5.974e+24 149388553366.901855 5317497281.701935 -1578.201737 19972.026370 

Star 30 red 1.98892e+30 639.876698 7.602240 0.004758 0.000085 
Planet 5 green 5.974e+24 149386966260.030853 5337468991.092474 -1584.138493 19971.815050 

Star 30 red 1.98892e+30 644.661628 7.687853 0.004776 0.000085 
Planet 5 green 5.974e+24 149385373216.341888 5357440487.967598 -1590.075290 19971.602933 

Star 30 red 1.98892e+30 649.464390 7.774107 0.004794 0.000086 
Planet 5 green 5.974e+24 149383774235.793640 5377411771.529851 -1596.012129 19971.390019 

Star 30 red 1.98892e+30 654.284985 7.861004 0.004812 0.000087 
Planet 5 green 5.974e+24 149382169318.344635 5397382840.981745 -1601.949009 19971.176308 

Star 30 red 1.98892e+30 659.123412 7.948546 0.004830 0.000087 
Planet 5 green 5.974e+24 149380558463.953217 5417353695.525757 -1607.885931 19970.961799 

Star 30 red 1.98892e+30 663.979671 8.036737 0.004847 0.000088 
Planet 5 green 5.974e+24 149378941672.577606 5437324334.364331 -1613.822894 19970.746492 

Star 30 red 1.98892e+30 668.853764 8.125577 0.004865 0.000089 
Planet 5 green 5.974e+24 149377318944.175842 5457294756.699877 -1619.759899 19970.530388 

Star 30 red 1.98892e+30 673.745689 8.215071 0.004883 0.000089 
Planet 5 green 5.974e+24 149375690278.705872 5477264961.734769 -1625.696946 19970.313486 

Star 30 red 1.98892e+30 678.655447 8.305219 0.004901 0.000090 
Planet 5 green 5.974e+24 149374055676.125427 5497234948.671349 -1631.634036 19970.095786 

Star 30 red 1.98892e+30 683.583038 8.396025 0.004919 0.000090 
Planet 5 green 5.974e+24 149372415136.392090 5517204716.711924 -1637.571167 19969.877289 

Star 30 red 1.98892e+30 688.528462 8.487491 0.004937 0.000091 
Planet 5 green 5.974e+24 149370768659.463348 5537174265.058765 -1643.508342 19969.657994 

Star 30 red 1.98892e+30 693.491719 8.579619 0.004954 0.000092 
Planet 5 green 5.974e+24 149369116245.296478 5557143592.914112 -1649.445558 19969.437902 

Star 30 red 1.98892e+30 698.472810 8.672412 0.004972 0.000092 
Planet 5 green 5.974e+24 149367457893.848633 5577112699.480166 -1655.382818 19969.217011 

Star 30 red 1.98892e+30 703.471735 8.765872 0.004990 0.000093 
Planet 5 green 5.974e+24 149365793605.076782 5597081583.959097 -1661.320121 19968.995323 

Star 30 red 1.98892e+30 708.488493 8.860001 0.005008 0.000094 
Planet 5 green 5.974e+24 149364123378.937805 5617050245.553036 -1667.257466 19968.772837 

Star 30 red 1.98892e+30 713.523086 8.954802 0.005026 0.000094 
Planet 5 green 5.974e+24 149362447215.388336 5637018683.464082 -1673.194855 19968.549553 

Star 30 red 1.98892e+30 718.575512 9.050278 0.005044 0.000095 
Planet 5 green 5.974e+24 149360765114.384949 5656986896.894298 -1679.132287 19968.325471 

Star 30 red 1.98892e+30 723.645772 9.146430 0.005061 0.000096 
Planet 5 green 5.974e+24 149359077075.884003 5676954885.045710 -1685.069763 19968.100591 

Star 30 red 1.98892e+30 728.733866 9.243261 0.005079 0.000096 
Planet 5 green 5.974e+24 149357383099.841736 5696922647.120311 -1691.007283 19967.874914 

Star 30 red 1.98892e+30 733.839795 9.340773 0.005097 0.000097 
Planet 5 green 5.974e+24 149355683186.214203 5716890182.320057 -1696.944846 19967.648438 

Star 30 red 1.98892e+30 738.963559 9.438970 0.005115 0.000098 
Planet 5 green 5.974e+24 149353977334.957336 5736857489.846868 -1702.882453 19967.421164 

Star 30 red 1.98892e+30 744.105157 9.537852 0.005133 0.000099 
Planet 5 green 5.974e+24 149352265546.026886 5756824568.902629 -1708.820105 19967.193092 

Star 30 red 1.98892e+30 749.264589 9.637424 0.005151 0.000099 
Planet 5 green 5.974e+24 149350547819.378510 5776791418.689188 -1714.757800 19966.964222 

Star 30 red 1.98892e+30 754.441857 9.737686 0.005168 0.000100 
Planet 5 green 5.974e+24 149348824154.967621 5796758038.408358 -1720.695541 19966.734553 

Star 30 red 1.98892e+30 759.636960 9.838642 0.005186 0.000101 
Planet 5 green 5.974e+24 149347094552.749573 5816724427.261914 -1726.633326 19966.504087 

Star 30 red 1.98892e+30 764.849898 9.940293 0.005204 0.000101 
Planet 5 green 5.974e+24 149345359012.679474 5836690584.451598 -1732.571155 19966.272822 

Star 30 red 1.98892e+30 770.080671 10.042643 0.005222 0.000102 
Planet 5 green 5.974e+24 149343617534.712372 5856656509.179111 -1738.509030 19966.040759 

Star 30 red 1.98892e+30 775.329279 10.145694 0.005240 0.000103 
Planet 5 green 5.974e+24 149341870118.803101 5876622200.646121 -1744.446949 19965.807898 

Star 30 red 1.98892e+30 780.595724 10.249447 0.005258 0.000103 
Planet 5 green 5.974e+24 149340116764.906372 5896587658.054257 -1750.384914 19965.574238 

Star 30 red 1.98892e+30 785.880003 10.353906 0.005275 0.000104 
Planet 5 green 5.974e+24 149338357472.976715 5916552880.605113 -1756.322925 19965.339780 

Star 30 red 1.98892e+30 791.182119 10.459073 0.005293 0.000105 
Planet 5 green 5.974e+24 149336592242.968506 5936517867.500244 -1762.260980 19965.104523 

Star 30 red 1.98892e+30 796.502071 10.564950 0.005311 0.000106 
Planet 5 green 5.974e+24 149334821074.835999 5956482617.941169 -1768.199082 19964.868468 

Star 30 red 1.98892e+30 801.839859 10.671540 0.005329 0.000106 
Planet 5 green 5.974e+24 149333043968.533295 5976447131.129369 -1774.137229 19964.631615 

Star 30 red 1.98892e+30 807.195483 10.778844 0.005347 0.000107 
Planet 5 green 5.974e+24 149331260924.014313 5996411406.266289 -1780.075422 19964.393963 

Star 30 red 1.98892e+30 812.568943 10.886866 0.005365 0.000108 
Planet 5 green 5.974e+24 149329471941.232849 6016375442.553335 -1786.013662 19964.155512 

Star 30 red 1.98892e+30 817.960241 10.995608 0.005382 0.000108 
Planet 5 green 5.974e+24 149327677020.142517 6036339239.191876 -1791.951947 19963.916263 

Star 30 red 1.98892e+30 823.369374 11.105072 0.005400 0.000109 
Planet 5 green 5.974e+24 149325876160.696777 6056302795.383245 -1797.890280 19963.676215 

Star 30 red 1.98892e+30 828.796345 11.215261 0.005418 0.000110 
Planet 5 green 5.974e+24 149324069362.848969 6076266110.328732 -1803.828658 19963.435369 

Star 30 red 1.98892e+30 834.241152 11.326177 0.005436 0.000111 
Planet 5 green 5.974e+24 149322256626.552277 6096229183.229595 -1809.767084 19963.193723 

Star 30 red 1.98892e+30 839.703797 11.437822 0.005454 0.000111 
Planet 5 green 5.974e+24 149320437951.759705 6116192013.287050 -1815.705556 19962.951279 

Star 30 red 1.98892e+30 845.184279 11.550199 0.005472 0.000112 
Planet 5 green 5.974e+24 149318613338.424103 6136154599.702276 -1821.644076 19962.708037 

Star 30 red 1.98892e+30 850.682598 11.663310 0.005489 0.000113 
Planet 5 green 5.974e+24 149316782786.498199 6156116941.676414 -1827.582643 19962.463995 

Star 30 red 1.98892e+30 856.198755 11.777158 0.005507 0.000113 
Planet 5 green 5.974e+24 149314946295.934540 6176079038.410563 -1833.521257 19962.219154 

Star 30 red 1.98892e+30 861.732750 11.891745 0.005525 0.000114 
Planet 5 green 5.974e+24 149313103866.685516 6196040889.105790 -1839.459918 19961.973515 

Star 30 red 1.98892e+30 867.284582 12.007073 0.005543 0.000115 
Planet 5 green 5.974e+24 149311255498.703400 6216002492.963118 -1845.398627 19961.727077 

Star 30 red 1.98892e+30 872.854252 12.123145 0.005561 0.000116 
Planet 5 green 5.974e+24 149309401191.940277 6235963849.183532 -1851.337385 19961.479839 

Star 30 red 1.98892e+30 878.441761 12.239963 0.005579 0.000116 
Planet 5 green 5.974e+24 149307540946.348114 6255924956.967978 -1857.276190 19961.231803 

Star 30 red 1.98892e+30 884.047107 12.357530 0.005596 0.000117 
Planet 5 green 5.974e+24 149305674761.878693 6275885815.517365 -1863.215043 19960.982967 

Star 30 red 1.98892e+30 889.670292 12.475848 0.005614 0.000118 
Planet 5 green 5.974e+24 149303802638.483643 6295846424.032561 -1869.153944 19960.733333 

Star 30 red 1.98892e+30 895.311316 12.594919 0.005632 0.000119 
Planet 5 green 5.974e+24 149301924576.114471 6315806781.714394 -1875.092894 19960.482899 

Star 30 red 1.98892e+30 900.970178 12.714746 0.005650 0.000119 
Planet 5 green 5.974e+24 149300040574.722504 6335766887.763652 -1881.031893 19960.231666 

Star 30 red 1.98892e+30 906.646879 12.835331 0.005668 0.000120 
Planet 5 green 5.974e+24 149298150634.258911 6355726741.381085 -1886.970940 19959.979634 

Star 30 red 1.98892e+30 912.341419 12.956677 0.005686 0.000121 
Planet 5 green 5.974e+24 149296254754.674713 6375686341.767405 -1892.910036 19959.726802 

Star 30 red 1.98892e+30 918.053798 13.078786 0.005703 0.000122 
Planet 5 green 5.974e+24 149294352935.920807 6395645688.123279 -1898.849181 19959.473171 

Star 30 red 1.98892e+30 923.784017 13.201660 0.005721 0.000122 
Planet 5 green 5.974e+24 149292445177.947906 6415604779.649337 -1904.788376 19959.218741 

Star 30 red 1.98892e+30 929.532075 13.325303 0.005739 0.000123 
Planet 5 green 5.974e+24 149290531480.706573 6435563615.546169 -1910.727619 19958.963512 

Star 30 red 1.98892e+30 935.297972 13.449715 0.005757 0.000124 
Planet 5 green 5.974e+24 149288611844.147247 6455522195.014324 -1916.666913 19958.707483 

Star 30 red 1.98892e+30 941.081709 13.574900 0.005775 0.000125 
Planet 5 green 5.974e+24 149286686268.220154 6475480517.254312 -1922.606256 19958.450654 

Star 30 red 1.98892e+30 946.883287 13.700860 0.005793 0.000126 
Planet 5 green 5.974e+24 149284754752.875427 6495438581.466599 -1928.545648 19958.193026 

Star 30 red 1.98892e+30 952.702704 13.827597 0.005810 0.000126 
Planet 5 green 5.974e+24 149282817298.063019 6515396386.851613 -1934.485091 19957.934599 

Star 30 red 1.98892e+30 958.539961 13.955115 0.005828 0.000127 
Planet 5 green 5.974e+24 149280873903.732727 6535353932.609742 -1940.424584 19957.675372 

Star 30 red 1.98892e+30 964.395059 14.083414 0.005846 0.000128 
Planet 5 green 5.974e+24 149278924569.834229 6555311217.941332 -1946.364127 19957.415345 

Star 30 red 1.98892e+30 970.267997 14.212498 0.005864 0.000129 
Planet 5 green 5.974e+24 149276969296.316986 6575268242.046686 -1952.303720 19957.154519 

Star 30 red 1.98892e+30 976.158775 14.342369 0.005882 0.000129 
Planet 5 green 5.974e+24 149275008083.130371 6595225004.126069 -1958.243365 19956.892892 

Star 30 red 1.98892e+30 982.067395 14.473030 0.005900 0.000130 
Planet 5 green 5.974e+24 149273040930.223572 6615181503.379703 -1964.183059 19956.630467 

Star 30 red 1.98892e+30 987.993855 14.604482 0.005918 0.000131 
Planet 5 green 5.974e+24 149271067837.545624 6635137739.007767 -1970.122805 19956.367241 

Star 30 red 1.98892e+30 993.938157 14.736729 0.005935 0.000132 
Planet 5 green 5.974e+24 149269088805.045410 6655093710.210402 -1976.062602 19956.103215 

Star 30 red 1.98892e+30 999.900299 14.869772 0.005953 0.000133 
Planet 5 green 5.974e+24 149267103832.671661 6675049416.187704 -1982.002450 19955.838390 

Star 30 red 1.98892e+30 1005.880284 15.003615 0.005971 0.000133 
Planet 5 green 5.974e+24 149265112920.372955 6695004856.139730 -1987.942349 19955.572765 

Star 30 red 1.98892e+30 1011.878109 15.138259 0.005989 0.000134 
Planet 5 green 5.974e+24 149263116068.097717 6714960029.266495 -1993.882300 19955.306339 

Star 30 red 1.98892e+30 1017.893777 15.273706 0.006007 0.000135 
Planet 5 green 5.974e+24 149261113275.794220 6734914934.767968 -1999.822302 19955.039114 

Star 30 red 1.98892e+30 1023.927286 15.409960 0.006025 0.000136 
Planet 5 green 5.974e+24 149259104543.410614 6754869571.844080 -2005.762357 19954.771089 

Star 30 red 1.98892e+30 1029.978637 15.547023 0.006042 0.000137 
Planet 5 green 5.974e+24 149257089870.894836 6774823939.694717 -2011.702463 19954.502263 

Star 30 red 1.98892e+30 1036.047831 15.684896 0.006060 0.000137 
Planet 5 green 5.974e+24 149255069258.194702 6794778037.519726 -2017.642621 19954.232638 

Star 30 red 1.98892e+30 1042.134867 15.823583 0.006078 0.000138 
Planet 5 green 5.974e+24 149253042705.257874 6814731864.518907 -2023.582832 19953.962212 

Star 30 red 1.98892e+30 1048.239745 15.963086 0.006096 0.000139 
Planet 5 green 5.974e+24 149251010212.031860 6834685419.892019 -2029.523095 19953.690986 

Star 30 red 1.98892e+30 1054.362466 16.103407 0.006114 0.000140 
Planet 5 green 5.974e+24 149248971778.464020 6854638702.838780 -2035.463410 19953.418960 

Star 30 red 1.98892e+30 1060.503030 16.244549 0.006132 0.000141 
Planet 5 green 5.974e+24 149246927404.501556 6874591712.558864 -2041.403778 19953.146133 

Star 30 red 1.98892e+30 1066.661436 16.386514 0.006149 0.000142 
Planet 5 green 5.974e+24 149244877090.091522 6894544448.251900 -2047.344199 19952.872506 

Star 30 red 1.98892e+30 1072.837686 16.529305 0.006167 0.000142 
Planet 5 green 5.974e+24 149242820835.180817 6914496909.117476 -2053.284674 19952.598079 

Star 30 red 1.98892e+30 1079.031779 16.672923 0.006185 0.000143 
Planet 5 green 5.974e+24 149240758639.716187 6934449094.355136 -2059.225201 19952.322852 

Star 30 red 1.98892e+30 1085.243716 16.817372 0.006203 0.000144 
Planet 5 green 5.974e+24 149238690503.644196 6954401003.164380 -2065.165782 19952.046823 

Star 30 red 1.98892e+30 1091.473496 16.962653 0.006221 0.000145 
Planet 5 green 5.974e+24 149236616426.911316 6974352634.744666 -2071.106416 19951.769995 

Star 30 red 1.98892e+30 1097.721120 17.108770 0.006239 0.000146 
Planet 5 green 5.974e+24 149234536409.463806 6994303988.295406 -2077.047104 19951.492365 

Star 30 red 1.98892e+30 1103.986588 17.255723 0.006257 0.000147 
Planet 5 green 5.974e+24 149232450451.247803 7014255063.015970 -2082.987845 19951.213935 

Star 30 red 1.98892e+30 1110.269900 17.403517 0.006274 0.000147 
Planet 5 green 5.974e+24 149230358552.209290 7034205858.105683 -2088.928641 19950.934705 

Star 30 red 1.98892e+30 1116.571056 17.552153 0.006292 0.000148 
Planet 5 green 5.974e+24 149228260712.294067 7054156372.763826 -2094.869490 19950.654674 

Star 30 red 1.98892e+30 1122.890057 17.701634 0.006310 0.000149 
Planet 5 green 5.974e+24 149226156931.447845 7074106606.189637 -2100.810394 19950.373842 

Star 30 red 1.98892e+30 1129.226902 17.851962 0.006328 0.000150 
Planet 5 green 5.974e+24 149224047209.616119 7094056557.582308 -2106.751353 19950.092209 

Star 30 red 1.98892e+30 1135.581592 18.003140 0.006346 0.000151 
Planet 5 green 5.974e+24 149221931546.744263 7114006226.140986 -2112.692365 19949.809775 

Star 30 red 1.98892e+30 1141.954127 18.155169 0.006364 0.000152 
Planet 5 green 5.974e+24 149219809942.777466 7133955611.064776 -2118.633433 19949.526541 

Star 30 red 1.98892e+30 1148.344507 18.308053 0.006381 0.000152 
Planet 5 green 5.974e+24 149217682397.660797 7153904711.552737 -2124.574555 19949.242506 

Star 30 red 1.98892e+30 1154.752732 18.461794 0.006399 0.000153 
Planet 5 green 5.974e+24 149215548911.339172 7173853526.803883 -2130.515733 19948.957669 

Star 30 red 1.98892e+30 1161.178803 18.616393 0.006417 0.000154 
Planet 5 green 5.974e+24 149213409483.757355 7193802056.017181 -2136.456966 19948.672032 

Star 30 red 1.98892e+30 1167.622719 18.771855 0.006435 0.000155 
Planet 5 green 5.974e+24 149211264114.859924 7213750298.391558 -2142.398253 19948.385594 

Star 30 red 1.98892e+30 1174.084481 18.928180 0.006453 0.000156 
Planet 5 green 5.974e+24 149209112804.591339 7233698253.125890 -2148.339597 19948.098354 

Star 30 red 1.98892e+30 1180.564089 19.085372 0.006471 0.000157 
Planet 5 green 5.974e+24 149206955552.895874 7253645919.419010 -2154.280996 19947.810313 

Star 30 red 1.98892e+30 1187.061542 19.243432 0.006489 0.000158 
Planet 5 green 5.974e+24 149204792359.717682 7273593296.469707 -2160.222451 19947.521472 

Star 30 red 1.98892e+30 1193.576843 19.402364 0.006506 0.000158 
Planet 5 green 5.974e+24 149202623225.000732 7293540383.476724 -2166.163962 19947.231829 

Star 30 red 1.98892e+30 1200.109989 19.562169 0.006524 0.000159 
Planet 5 green 5.974e+24 149200448148.688873 7313487179.638755 -2172.105528 19946.941384 

Star 30 red 1.98892e+30 1206.660982 19.722850 0.006542 0.000160 
Planet 5 green 5.974e+24 149198267130.725800 7333433684.154451 -2178.047152 19946.650139 

Star 30 red 1.98892e+30 1213.229822 19.884410 0.006560 0.000161 
Planet 5 green 5.974e+24 149196080171.055023 7353379896.222418 -2183.988831 19946.358091 

Star 30 red 1.98892e+30 1219.816509 20.046850 0.006578 0.000162 
Planet 5 green 5.974e+24 149193887269.619904 7373325815.041212 -2189.930567 19946.065243 

Star 30 red 1.98892e+30 1226.421043 20.210174 0.006596 0.000163 
Planet 5 green 5.974e+24 149191688426.363678 7393271439.809347 -2195.872360 19945.771593 

Star 30 red 1.98892e+30 1233.043424 20.374383 0.006613 0.000164 
Planet 5 green 5.974e+24 149189483641.229401 7413216769.725287 -2201.814209 19945.477142 

Star 30 red 1.98892e+30 1239.683653 20.539480 0.006631 0.000165 
Planet 5 green 5.974e+24 149187272914.160004 7433161803.987453 -2207.756116 19945.181889 

Star 30 red 1.98892e+30 1246.341729 20.705468 0.006649 0.000166 
Planet 5 green 5.974e+24 149185056245.098236 7453106541.794215 -2213.698080 19944.885834 

Star 30 red 1.98892e+30 1253.017653 20.872349 0.006667 0.000166 
Planet 5 green 5.974e+24 149182833633.986725 7473050982.343901 -2219.640101 19944.588978 

Star 30 red 1.98892e+30 1259.711425 21.040124 0.006685 0.000167 
Planet 5 green 5.974e+24 149180605080.767914 7492995124.834788 -2225.582180 19944.291320 

Star 30 red 1.98892e+30 1266.423045 21.208798 0.006703 0.000168 
Planet 5 green 5.974e+24 149178370585.384094 7512938968.465109 -2231.524316 19943.992860 

Star 30 red 1.98892e+30 1273.152514 21.378372 0.006721 0.000169 
Planet 5 green 5.974e+24 149176130147.777405 7532882512.433048 -2237.466510 19943.693599 

Star 30 red 1.98892e+30 1279.899830 21.548848 0.006738 0.000170 
Planet 5 green 5.974e+24 149173883767.889862 7552825755.936743 -2243.408762 19943.393535 

Star 30 red 1.98892e+30 1286.664996 21.720229 0.006756 0.000171 
Planet 5 green 5.974e+24 149171631445.663300 7572768698.174282 -2249.351072 19943.092670 

Star 30 red 1.98892e+30 1293.448010 21.892517 0.006774 0.000172 
Planet 5 green 5.974e+24 149169373181.039429 7592711338.343709 -2255.293440 19942.791003 

Star 30 red 1.98892e+30 1300.248874 22.065715 0.006792 0.000173 
Planet 5 green 5.974e+24 149167108973.959747 7612653675.643019 -2261.235866 19942.488534 

Star 30 red 1.98892e+30 1307.067586 22.239825 0.006810 0.000174 
Planet 5 green 5.974e+24 149164838824.365662 7632595709.270157 -2267.178352 19942.185263 

Star 30 red 1.98892e+30 1313.904148 22.414850 0.006828 0.000175 
Planet 5 green 5.974e+24 149162562732.198395 7652537438.423023 -2273.120895 19941.881189 

Star 30 red 1.98892e+30 1320.758559 22.590791 0.006845 0.000175 
Planet 5 green 5.974e+24 149160280697.399017 7672478862.299469 -2279.063498 19941.576314 

Star 30 red 1.98892e+30 1327.630820 22.767652 0.006863 0.000176 
Planet 5 green 5.974e+24 149157992719.908447 7692419980.097296 -2285.006160 19941.270637 

Star 30 red 1.98892e+30 1334.520931 22.945435 0.006881 0.000177 
Planet 5 green 5.974e+24 149155698799.667450 7712360791.014258 -2290.948881 19940.964157 

Star 30 red 1.98892e+30 1341.428892 23.124142 0.006899 0.000178 
Planet 5 green 5.974e+24 149153398936.616669 7732301294.248063 -2296.891661 19940.656875 

Star 30 red 1.98892e+30 1348.354704 23.303775 0.006917 0.000179 
Planet 5 green 5.974e+24 149151093130.696533 7752241488.996367 -2302.834500 19940.348790 

Star 30 red 1.98892e+30 1355.298365 23.484338 0.006935 0.000180 
Planet 5 green 5.974e+24 149148781381.847382 7772181374.456780 -2308.777400 19940.039904 

Star 30 red 1.98892e+30 1362.259878 23.665832 0.006953 0.000181 
Planet 5 green 5.974e+24 149146463690.009338 7792120949.826861 -2314.720359 19939.730215 

Star 30 red 1.98892e+30 1369.239241 23.848259 0.006970 0.000182 
Planet 5 green 5.974e+24 149144140055.122437 7812060214.304121 -2320.663377 19939.419723 

Star 30 red 1.98892e+30 1376.236455 24.031623 0.006988 0.000183 
Planet 5 green 5.974e+24 149141810477.126495 7831999167.086021 -2326.606456 19939.108429 

Star 30 red 1.98892e+30 1383.251520 24.215926 0.007006 0.000184 
Planet 5 green 5.974e+24 149139474955.961243 7851937807.369976 -2332.549596 19938.796332 

Star 30 red 1.98892e+30 1390.284436 24.401169 0.007024 0.000185 
Planet 5 green 5.974e+24 149137133491.566193 7871876134.353348 -2338.492795 19938.483433 

Star 30 red 1.98892e+30 1397.335204 24.587356 0.007042 0.000186 
Planet 5 green 5.974e+24 149134786083.880737 7891814147.233450 -2344.436055 19938.169731 

Star 30 red 1.98892e+30 1404.403824 24.774489 0.007060 0.000187 
Planet 5 green 5.974e+24 149132432732.844147 7911751845.207547 -2350.379376 19937.855226 

Star 30 red 1.98892e+30 1411.490296 24.962570 0.007078 0.000188 
Planet 5 green 5.974e+24 149130073438.395477 7931689227.472855 -2356.322758 19937.539919 

Star 30 red 1.98892e+30 1418.594619 25.151602 0.007095 0.000189 
Planet 5 green 5.974e+24 149127708200.473663 7951626293.226537 -2362.266201 19937.223809 

Star 30 red 1.98892e+30 1425.716795 25.341587 0.007113 0.000190 
Planet 5 green 5.974e+24 149125337019.017456 7971563041.665709 -2368.209704 19936.906896 

Star 30 red 1.98892e+30 1432.856824 25.532527 0.007131 0.000190 
Planet 5 green 5.974e+24 149122959893.965515 7991499471.987434 -2374.153269 19936.589180 

Star 30 red 1.98892e+30 1440.014704 25.724426 0.007149 0.000191 
Planet 5 green 5.974e+24 149120576825.256287 8011435583.388728 -2380.096896 19936.270661 

Star 30 red 1.98892e+30 1447.190438 25.917284 0.007167 0.000192 
Planet 5 green 5.974e+24 149118187812.828094 8031371375.066555 -2386.040584 19935.951339 

Star 30 red 1.98892e+30 1454.384025 26.111106 0.007185 0.000193 
Planet 5 green 5.974e+24 149115792856.619080 8051306846.217829 -2391.984334 19935.631214 

Star 30 red 1.98892e+30 1461.595465 26.305892 0.007203 0.000194 
Planet 5 green 5.974e+24 149113391956.567291 8071241996.039412 -2397.928146 19935.310286 

Star 30 red 1.98892e+30 1468.824758 26.501647 0.007220 0.000195 
Planet 5 green 5.974e+24 149110985112.610565 8091176823.728116 -2403.872020 19934.988554 

Star 30 red 1.98892e+30 1476.071905 26.698371 0.007238 0.000196 
Planet 5 green 5.974e+24 149108572324.686584 8111111328.480703 -2409.815956 19934.666020 

Star 30 red 1.98892e+30 1483.336905 26.896067 0.007256 0.000197 
Planet 5 green 5.974e+24 149106153592.732910 8131045509.493885 -2415.759954 19934.342682 

Star 30 red 1.98892e+30 1490.619759 27.094739 0.007274 0.000198 
Planet 5 green 5.974e+24 149103728916.686951 8150979365.964319 -2421.704015 19934.018541 

Star 30 red 1.98892e+30 1497.920468 27.294387 0.007292 0.000199 
Planet 5 green 5.974e+24 149101298296.485931 8170912897.088614 -2427.648139 19933.693597 

Star 30 red 1.98892e+30 1505.239031 27.495016 0.007310 0.000200 
Planet 5 green 5.974e+24 149098861732.066956 8190846102.063328 -2433.592326 19933.367849 

Star 30 red 1.98892e+30 1512.575448 27.696626 0.007327 0.000201 
Planet 5 green 5.974e+24 149096419223.366943 8210778980.084965 -2439.536575 19933.041297 

Star 30 red 1.98892e+30 1519.929720 27.899221 0.007345 0.000202 
Planet 5 green 5.974e+24 149093970770.322693 8230711530.349978 -2445.480888 19932.713942 

Star 30 red 1.98892e+30 1527.301846 28.102802 0.007363 0.000203 
Planet 5 green 5.974e+24 149091516372.870819 8250643752.054770 -2451.425264 19932.385784 

Star 30 red 1.98892e+30 1534.691828 28.307373 0.007381 0.000204 
Planet 5 green 5.974e+24 149089056030.947815 8270575644.395691 -2457.369703 19932.056822 

Star 30 red 1.98892e+30 1542.099665 28.512936 0.007399 0.000205 
Planet 5 green 5.974e+24 149086589744.489990 8290507206.569037 -2463.314206 19931.727056 

Star 30 red 1.98892e+30 1549.525358 28.719492 0.007417 0.000206 
Planet 5 green 5.974e+24 149084117513.433502 8310438437.771056 -2469.258773 19931.396487 

Star 30 red 1.98892e+30 1556.968906 28.927046 0.007435 0.000207 
Planet 5 green 5.974e+24 149081639337.714386 8330369337.197941 -2475.203404 19931.065114 

Star 30 red 1.98892e+30 1564.430310 29.135598 0.007452 0.000208 
Planet 5 green 5.974e+24 149079155217.268494 8350299904.045832 -2481.148099 19930.732936 

Star 30 red 1.98892e+30 1571.909570 29.345151 0.007470 0.000209 
Planet 5 green 5.974e+24 149076665152.031525 8370230137.510818 -2487.092857 19930.399955 

Star 30 red 1.98892e+30 1579.406686 29.555709 0.007488 0.000210 
Planet 5 green 5.974e+24 149074169141.939056 8390160036.788935 -2493.037681 19930.066171 

Star 30 red 1.98892e+30 1586.921659 29.767272 0.007506 0.000211 
Planet 5 green 5.974e+24 149071667186.926453 8410089601.076166 -2498.982569 19929.731582 

Star 30 red 1.98892e+30 1594.454488 29.979844 0.007524 0.000212 
Planet 5 green 5.974e+24 149069159286.928986 8430018829.568442 -2504.927521 19929.396189 

Star 30 red 1.98892e+30 1602.005174 30.193428 0.007542 0.000213 
Planet 5 green 5.974e+24 149066645441.881744 8449947721.461640 -2510.872539 19929.059992 

Star 30 red 1.98892e+30 1609.573717 30.408024 0.007560 0.000214 
Planet 5 green 5.974e+24 149064125651.719696 8469876275.951585 -2516.817621 19928.722991 

Star 30 red 1.98892e+30 1617.160117 30.623637 0.007577 0.000215 
Planet 5 green 5.974e+24 149061599916.377594 8489804492.234045 -2522.762768 19928.385185 

Star 30 red 1.98892e+30 1624.764374 30.840267 0.007595 0.000216 
Planet 5 green 5.974e+24 149059068235.790070 8509732369.504739 -2528.707981 19928.046576 

Star 30 red 1.98892e+30 1632.386489 31.057919 0.007613 0.000217 
Planet 5 green 5.974e+24 149056530609.891632 8529659906.959331 -2534.653259 19927.707162 

Star 30 red 1.98892e+30 1640.026462 31.276593 0.007631 0.000218 
Planet 5 green 5.974e+24 149053987038.616577 8549587103.793429 -2540.598603 19927.366943 

Star 30 red 1.98892e+30 1647.684293 31.496293 0.007649 0.000219 
Planet 5 green 5.974e+24 149051437521.899078 8569513959.202592 -2546.544013 19927.025921 

Star 30 red 1.98892e+30 1655.359982 31.717021 0.007667 0.000220 
Planet 5 green 5.974e+24 149048882059.673187 8589440472.382320 -2552.489488 19926.684093 

Star 30 red 1.98892e+30 1663.053529 31.938780 0.007685 0.000221 
Planet 5 green 5.974e+24 149046320651.872742 8609366642.528063 -2558.435030 19926.341462 

Star 30 red 1.98892e+30 1670.764935 32.161571 0.007702 0.000222 
Planet 5 green 5.974e+24 149043753298.431458 8629292468.835215 -2564.380637 19925.998025 

Star 30 red 1.98892e+30 1678.494200 32.385397 0.007720 0.000223 
Planet 5 green 5.974e+24 149041179999.282898 8649217950.499113 -2570.326312 19925.653784 

Star 30 red 1.98892e+30 1686.241324 32.610261 0.007738 0.000224 
Planet 5 green 5.974e+24 149038600754.360474 8669143086.715046 -2576.272052 19925.308739 

Star 30 red 1.98892e+30 1694.006306 32.836165 0.007756 0.000225 
Planet 5 green 5.974e+24 149036015563.597412 8689067876.678242 -2582.217859 19924.962888 

Star 30 red 1.98892e+30 1701.789149 33.063111 0.007774 0.000226 
Planet 5 green 5.974e+24 149033424426.926849 8708992319.583878 -2588.163734 19924.616233 

Star 30 red 1.98892e+30 1709.589850 33.291102 0.007792 0.000227 
Planet 5 green 5.974e+24 149030827344.281708 8728916414.627075 -2594.109675 19924.268773 

Star 30 red 1.98892e+30 1717.408412 33.520141 0.007810 0.000229 
Planet 5 green 5.974e+24 149028224315.594788 8748840161.002899 -2600.055683 19923.920508 

Star 30 red 1.98892e+30 1725.244833 33.750229 0.007827 0.000230 
Planet 5 green 5.974e+24 149025615340.798706 8768763557.906361 -2606.001758 19923.571438 

Star 30 red 1.98892e+30 1733.099115 33.981369 0.007845 0.000231 
Planet 5 green 5.974e+24 149023000419.825958 8788686604.532415 -2611.947901 19923.221564 

Star 30 red 1.98892e+30 1740.971257 34.213564 0.007863 0.000232 
Planet 5 green 5.974e+24 149020379552.608887 8808609300.075966 -2617.894112 19922.870884 

Star 30 red 1.98892e+30 1748.861260 34.446816 0.007881 0.000233 
Planet 5 green 5.974e+24 149017752739.079651 8828531643.731855 -2623.840390 19922.519398 

Star 30 red 1.98892e+30 1756.769123 34.681127 0.007899 0.000234 
Planet 5 green 5.974e+24 149015119979.170288 8848453634.694872 -2629.786736 19922.167108 

Star 30 red 1.98892e+30 1764.694848 34.916499 0.007917 0.000235 
Planet 5 green 5.974e+24 149012481272.812653 8868375272.159752 -2635.733151 19921.814013 

Star 30 red 1.98892e+30 1772.638433 35.152937 0.007935 0.000236 
Planet 5 green 5.974e+24 149009836619.938477 8888296555.321171 -2641.679633 19921.460112 

Star 30 red 1.98892e+30 1780.599880 35.390440 0.007953 0.000237 
Planet 5 green 5.974e+24 149007186020.479309 8908217483.373751 -2647.626184 19921.105406 

Star 30 red 1.98892e+30 1788.579189 35.629013 0.007970 0.000238 
Planet 5 green 5.974e+24 149004529474.366577 8928138055.512058 -2653.572803 19920.749894 

Star 30 red 1.98892e+30 1796.576359 35.868657 0.007988 0.000239 
Planet 5 green 5.974e+24 149001866981.531525 8948058270.930603 -2659.519491 19920.393577 

Star 30 red 1.98892e+30 1804.591392 36.109375 0.008006 0.000240 
Planet 5 green 5.974e+24 148999198541.905243 8967978128.823837 -2665.466248 19920.036455 

Star 30 red 1.98892e+30 1812.624286 36.351169 0.008024 0.000241 
Planet 5 green 5.974e+24 148996524155.418701 8987897628.386156 -2671.413074 19919.678526 

Star 30 red 1.98892e+30 1820.675043 36.594043 0.008042 0.000242 
Planet 5 green 5.974e+24 148993843822.002686 9007816768.811901 -2677.359969 19919.319793 

Star 30 red 1.98892e+30 1828.743663 36.837997 0.008060 0.000243 
Planet 5 green 5.974e+24 148991157541.587830 9027735549.295355 -2683.306933 19918.960253 

Star 30 red 1.98892e+30 1836.830146 37.083035 0.008078 0.000244 
Planet 5 green 5.974e+24 148988465314.104645 9047653969.030743 -2689.253966 19918.599908 

Star 30 red 1.98892e+30 1844.934491 37.329158 0.008095 0.000246 
Planet 5 green 5.974e+24 148985767139.483429 9067572027.212234 -2695.201070 19918.238757 

Star 30 red 1.98892e+30 1853.056700 37.576370 0.008113 0.000247 
Planet 5 green 5.974e+24 148983063017.654388 9087489723.033943 -2701.148243 19917.876800 

Star 30 red 1.98892e+30 1861.196773 37.824673 0.008131 0.000248 
Planet 5 green 5.974e+24 148980352948.547516 9107407055.689920 -2707.095485 19917.514037 

Star 30 red 1.98892e+30 1869.354709 38.074070 0.008149 0.000249 
Planet 5 green 5.974e+24 148977636932.092712 9127324024.374166 -2713.042798 19917.150469 

Star 30 red 1.98892e+30 1877.530509 38.324561 0.008167 0.000250 
Planet 5 green 5.974e+24 148974914968.219696 9147240628.280619 -2718.990181 19916.786094 

Star 30 red 1.98892e+30 1885.724173 38.576151 0.008185 0.000251 
Planet 5 green 5.974e+24 148972187056.858032 9167156866.603161 -2724.937635 19916.420913 

Star 30 red 1.98892e+30 1893.935702 38.828842 0.008203 0.000252 
Planet 5 green 5.974e+24 148969453197.937134 9187072738.535616 -2730.885159 19916.054926 

Star 30 red 1.98892e+30 1902.165095 39.082635 0.008220 0.000253 
Planet 5 green 5.974e+24 148966713391.386261 9206988243.271751 -2736.832754 19915.688133 

Star 30 red 1.98892e+30 1910.412352 39.337534 0.008238 0.000254 
Planet 5 green 5.974e+24 148963967637.134491 9226903380.005274 -2742.780419 19915.320533 

Star 30 red 1.98892e+30 1918.677475 39.593540 0.008256 0.000255 
Planet 5 green 5.974e+24 148961215935.110809 9246818147.929834 -2748.728155 19914.952127 

Star 30 red 1.98892e+30 1926.960463 39.850657 0.008274 0.000257 
Planet 5 green 5.974e+24 148958458285.243988 9266732546.239023 -2754.675963 19914.582915 

Star 30 red 1.98892e+30 1935.261316 40.108886 0.008292 0.000258 
Planet 5 green 5.974e+24 148955694687.462677 9286646574.126375 -2760.623842 19914.212897 

Star 30 red 1.98892e+30 1943.580035 40.368231 0.008310 0.000259 
Planet 5 green 5.974e+24 148952925141.695374 9306560230.785364 -2766.571792 19913.842072 

Star 30 red 1.98892e+30 1951.916620 40.628692 0.008328 0.000260 
Planet 5 green 5.974e+24 148950149647.870392 9326473515.409405 -2772.519814 19913.470440 

Star 30 red 1.98892e+30 1960.271071 40.890274 0.008346 0.000261 
Planet 5 green 5.974e+24 148947368205.915924 9346386427.191856 -2778.467908 19913.098002 

Star 30 red 1.98892e+30 1968.643388 41.152978 0.008363 0.000262 
Planet 5 green 5.974e+24 148944580815.760010 9366298965.326015 -2784.416073 19912.724757 

Star 30 red 1.98892e+30 1977.033571 41.416807 0.008381 0.000263 
Planet 5 green 5.974e+24 148941787477.330505 9386211129.005121 -2790.364311 19912.350705 

Star 30 red 1.98892e+30 1985.441621 41.681763 0.008399 0.000264 
Planet 5 green 5.974e+24 148938988190.555145 9406122917.422354 -2796.312620 19911.975846 

Star 30 red 1.98892e+30 1993.867538 41.947848 0.008417 0.000266 
Planet 5 green 5.974e+24 148936182955.361481 9426034329.770834 -2802.261003 19911.600181 

Star 30 red 1.98892e+30 2002.311323 42.215065 0.008435 0.000267 
Planet 5 green 5.974e+24 148933371771.676941 9445945365.243622 -2808.209457 19911.223709 

Star 30 red 1.98892e+30 2010.772974 42.483417 0.008453 0.000268 
Planet 5 green 5.974e+24 148930554639.428802 9465856023.033720 -2814.157985 19910.846430 

Star 30 red 1.98892e+30 2019.252493 42.752906 0.008471 0.000269 
Planet 5 green 5.974e+24 148927731558.544128 9485766302.334068 -2820.106585 19910.468343 

Star 30 red 1.98892e+30 2027.749880 43.023534 0.008488 0.000270 
Planet 5 green 5.974e+24 148924902528.949890 9505676202.337549 -2826.055258 19910.089450 

Star 30 red 1.98892e+30 2036.265135 43.295304 0.008506 0.000271 
Planet 5 green 5.974e+24 148922067550.572906 9525585722.236984 -2832.004004 19909.709750 

Star 30 red 1.98892e+30 2044.798258 43.568217 0.008524 0.000272 
Planet 5 green 5.974e+24 148919226623.339783 9545494861.225136 -2837.952823 19909.329242 

Star 30 red 1.98892e+30 2053.349250 43.842278 0.008542 0.000273 
Planet 5 green 5.974e+24 148916379747.177032 9565403618.494703 -2843.901716 19908.947927 

Star 30 red 1.98892e+30 2061.918110 44.117487 0.008560 0.000275 
Planet 5 green 5.974e+24 148913526922.010986 9585311993.238329 -2849.850683 19908.565805 

Star 30 red 1.98892e+30 2150.197687 47.036369 0.008739 0.000286 
Planet 5 green 5.974e+24 148884136059.146729 9784340211.835892 -2909.341085 19904.736508 

Star 30 red 1.98892e+30 2240.264496 50.073909 0.008917 0.000298 
Planet 5 green 5.974e+24 148854150173.960724 9983328925.452475 -2968.839374 19900.826410 

Star 30 red 1.98892e+30 2332.118782 53.232538 0.009096 0.000310 
Planet 5 green 5.974e+24 148823569185.276337 10182277325.126169 -3028.345704 19896.835448 

Star 30 red 1.98892e+30 2425.760793 56.514687 0.009275 0.000322 
Planet 5 green 5.974e+24 148792393010.374878 10381184601.240578 -3087.860228 19892.763557 

Star 30 red 1.98892e+30 2521.190782 59.922791 0.009454 0.000335 
Planet 5 green 5.974e+24 148760621564.994720 10580049943.511736 -3147.383101 19888.610670 

Star 30 red 1.98892e+30 2618.409008 63.459285 0.009632 0.000347 
Planet 5 green 5.974e+24 148728254763.330719 10778872540.975010 -3206.914478 19884.376721 

Star 30 red 1.98892e+30 2717.415732 67.126606 0.009811 0.000360 
Planet 5 green 5.974e+24 148695292518.033325 10977651581.971970 -3266.454513 19880.061640 

Star 30 red 1.98892e+30 2818.211221 70.927196 0.009990 0.000373 
Planet 5 green 5.974e+24 148661734740.207855 11176386254.137224 -3326.003359 19875.665358 

Star 30 red 1.98892e+30 2920.795748 74.863495 0.010169 0.000387 
Planet 5 green 5.974e+24 148627581339.413727 11375075744.385239 -3385.561173 19871.187802 

Star 30 red 1.98892e+30 3025.169587 78.937950 0.010348 0.000401 
Planet 5 green 5.974e+24 148592832223.663605 11573719238.897116 -3445.128108 19866.628902 

Star 30 red 1.98892e+30 3131.333022 83.153005 0.010527 0.000415 
Planet 5 green 5.974e+24 148557487299.422668 11772315923.107351 -3504.704319 19861.988581 

Star 30 red 1.98892e+30 3239.286336 87.511111 0.010706 0.000429 
Planet 5 green 5.974e+24 148521546471.607697 11970864981.690557 -3564.289961 19857.266766 

Star 30 red 1.98892e+30 3349.029820 92.014719 0.010885 0.000443 
Planet 5 green 5.974e+24 148485009643.586334 12169365598.548155 -3623.885188 19852.463379 

Star 30 red 1.98892e+30 3460.563769 96.666281 0.011064 0.000458 
Planet 5 green 5.974e+24 148447876717.176178 12367816956.795034 -3683.490157 19847.578343 

Star 30 red 1.98892e+30 3573.888483 101.468255 0.011243 0.000473 
Planet 5 green 5.974e+24 148410147592.643921 12566218238.746189 -3743.105021 19842.611578 

Star 30 red 1.98892e+30 3689.004266 106.423098 0.011422 0.000488 
Planet 5 green 5.974e+24 148371822168.704498 12764568625.903305 -3802.729936 19837.563003 

Star 30 red 1.98892e+30 3805.911426 111.533272 0.011601 0.000503 
Planet 5 green 5.974e+24 148332900342.520172 12962867298.941332 -3862.365058 19832.432537 

Star 30 red 1.98892e+30 3924.610278 116.801240 0.011780 0.000519 
Planet 5 green 5.974e+24 148293382009.699738 13161113437.695011 -3922.010541 19827.220096 

Star 30 red 1.98892e+30 4045.101139 122.229469 0.011959 0.000535 
Planet 5 green 5.974e+24 148253267064.297455 13359306221.145370 -3981.666540 19821.925595 

Star 30 red 1.98892e+30 4167.384333 127.820426 0.012139 0.000551 
Planet 5 green 5.974e+24 148212555398.812256 13557444827.406189 -4041.333212 19816.548949 

Star 30 red 1.98892e+30 4291.460187 133.576583 0.012318 0.000567 
Planet 5 green 5.974e+24 148171246904.186737 13755528433.710417 -4101.010713 19811.090070 

Star 30 red 1.98892e+30 4417.329033 139.500414 0.012497 0.000584 
Planet 5 green 5.974e+24 148129341469.806274 13953556216.396572 -4160.699196 19805.548869 

Star 30 red 1.98892e+30 4544.991208 145.594396 0.012677 0.000601 
Planet 5 green 5.974e+24 148086838983.498016 14151527350.895094 -4220.398819 19799.925256 

Star 30 red 1.98892e+30 4674.447053 151.861008 0.012856 0.000618 
Planet 5 green 5.974e+24 148043739331.529938 14349441011.714653 -4280.109738 19794.219140 

Star 30 red 1.98892e+30 4805.696916 158.302733 0.013035 0.000635 
Planet 5 green 5.974e+24 148000042398.609833 14547296372.428436 -4339.832107 19788.430428 

Star 30 red 1.98892e+30 4938.741147 164.922055 0.013215 0.000653 
Planet 5 green 5.974e+24 147955748067.884338 14745092605.660385 -4399.566084 19782.559025 

Star 30 red 1.98892e+30 5073.580102 171.721463 0.013394 0.000671 
Planet 5 green 5.974e+24 147910856220.937958 14942828883.071400 -4459.311824 19776.604836 

Star 30 red 1.98892e+30 5210.214141 178.703448 0.013574 0.000689 
Planet 5 green 5.974e+24 147865366737.792023 15140504375.345501 -4519.069485 19770.567763 

Star 30 red 1.98892e+30 5348.643628 185.870503 0.013753 0.000708 
Planet 5 green 5.974e+24 147819279496.903595 15338118252.175947 -4578.839221 19764.447710 

Star 30 red 1.98892e+30 5488.868935 193.225126 0.013933 0.000726 
Planet 5 green 5.974e+24 147772594375.164520 15535669682.251326 -4638.621190 19758.244575 

Star 30 red 1.98892e+30 5630.890436 200.769817 0.014112 0.000745 
Planet 5 green 5.974e+24 147725311247.900360 15733157833.241585 -4698.415547 19751.958258 

Star 30 red 1.98892e+30 5774.708508 208.507078 0.014292 0.000764 
Planet 5 green 5.974e+24 147677429988.869263 15930581871.784039 -4758.222451 19745.588655 

Star 30 red 1.98892e+30 5920.323538 216.439416 0.014472 0.000784 
Planet 5 green 5.974e+24 147628950470.260956 16127940963.469318 -4818.042058 19739.135664 

Star 30 red 1.98892e+30 6067.735912 224.569341 0.014651 0.000803 
Planet 5 green 5.974e+24 147579872562.695587 16325234272.827290 -4877.874524 19732.599179 

Star 30 red 1.98892e+30 6216.946025 232.899365 0.014831 0.000823 
Planet 5 green 5.974e+24 147530196135.222748 16522460963.312922 -4937.720006 19725.979092 

Star 30 red 1.98892e+30 6367.954274 241.432004 0.015011 0.000843 
Planet 5 green 5.974e+24 147479921055.320190 16719620197.292109 -4997.578662 19719.275296 

Star 30 red 1.98892e+30 6520.761063 250.169777 0.015191 0.000864 
Planet 5 green 5.974e+24 147429047188.892822 16916711136.027454 -5057.450649 19712.487681 

Star 30 red 1.98892e+30 6675.366798 259.115207 0.015371 0.000884 
Planet 5 green 5.974e+24 147377574400.271545 17113732939.664007 -5117.336124 19705.616136 

Star 30 red 1.98892e+30 6831.771893 268.270821 0.015551 0.000905 
Planet 5 green 5.974e+24 147325502552.212128 17310684767.214947 -5177.235245 19698.660549 

Star 30 red 1.98892e+30 6989.976763 277.639146 0.015731 0.000926 
Planet 5 green 5.974e+24 147272831505.893951 17507565776.547222 -5237.148170 19691.620805 

Star 30 red 1.98892e+30 7149.981831 287.222717 0.015911 0.000948 
Planet 5 green 5.974e+24 147219561120.918945 17704375124.367157 -5297.075055 19684.496790 

Star 30 red 1.98892e+30 7311.787523 297.024070 0.016091 0.000969 
Planet 5 green 5.974e+24 147165691255.310364 17901111966.205990 -5357.016059 19677.288386 

Star 30 red 1.98892e+30 7475.394271 307.045745 0.016271 0.000991 
Planet 5 green 5.974e+24 147111221765.511597 18097775456.405365 -5416.971340 19669.995475 

Star 30 red 1.98892e+30 7640.802509 317.290286 0.016451 0.001013 
Planet 5 green 5.974e+24 147056152506.384949 18294364748.102795 -5476.941055 19662.617938 

Star 30 red 1.98892e+30 7808.012680 327.760239 0.016631 0.001036 
Planet 5 green 5.974e+24 147000483331.210480 18490878993.217049 -5536.925363 19655.155654 

Star 30 red 1.98892e+30 7977.025228 338.458156 0.016811 0.001058 
Planet 5 green 5.974e+24 146944214091.684662 18687317342.433506 -5596.924423 19647.608499 

Star 30 red 1.98892e+30 8147.840603 349.386592 0.016991 0.001081 
Planet 5 green 5.974e+24 146887344637.919250 18883678945.189445 -5656.938392 19639.976350 

Star 30 red 1.98892e+30 8320.459262 360.548106 0.017172 0.001105 
Planet 5 green 5.974e+24 146829874818.440002 19079962949.659294 -5716.967429 19632.259081 

Star 30 red 1.98892e+30 8494.881662 371.945259 0.017352 0.001128 
Planet 5 green 5.974e+24 146771804480.185394 19276168502.739822 -5777.011693 19624.456566 

Star 30 red 1.98892e+30 8671.108269 383.580618 0.017532 0.001152 
Planet 5 green 5.974e+24 146713133468.505402 19472294750.035278 -5837.071343 19616.568675 

Star 30 red 1.98892e+30 8849.139553 395.456754 0.017713 0.001176 
Planet 5 green 5.974e+24 146653861627.160126 19668340835.842476 -5897.146537 19608.595279 

Star 30 red 1.98892e+30 9028.975986 407.576240 0.017893 0.001200 
Planet 5 green 5.974e+24 146593988798.318573 19864305903.135815 -5957.237435 19600.536246 

Star 30 red 1.98892e+30 9210.618049 419.941654 0.018074 0.001224 
Planet 5 green 5.974e+24 146533514822.557312 20060189093.552269 -6017.344196 19592.391443 

Star 30 red 1.98892e+30 9394.066224 432.555580 0.018255 0.001249 
Planet 5 green 5.974e+24 146472439538.859192 20255989547.376293 -6077.466978 19584.160736 

Star 30 red 1.98892e+30 9579.321001 445.420603 0.018435 0.001274 
Planet 5 green 5.974e+24 146410762784.612030 20451706403.524693 -6137.605943 19575.843989 

Star 30 red 1.98892e+30 9766.382871 458.539314 0.018616 0.001299 
Planet 5 green 5.974e+24 146348484395.607178 20647338799.531429 -6197.761248 19567.441063 

Star 30 red 1.98892e+30 9955.252334 471.914307 0.018797 0.001325 
Planet 5 green 5.974e+24 146285604206.038269 20842885871.532356 -6257.933054 19558.951821 

Star 30 red 1.98892e+30 10145.929893 485.548182 0.018977 0.001351 
Planet 5 green 5.974e+24 146222122048.499847 21038346754.249916 -6318.121521 19550.376122 

Star 30 red 1.98892e+30 10338.416054 499.443542 0.019158 0.001377 
Planet 5 green 5.974e+24 146158037753.985931 21233720580.977768 -6378.326808 19541.713822 

Star 30 red 1.98892e+30 10532.711330 513.602994 0.019339 0.001403 
Planet 5 green 5.974e+24 146093351151.888702 21429006483.565346 -6438.549076 19532.964780 

Star 30 red 1.98892e+30 10728.816239 528.029151 0.019520 0.001429 
Planet 5 green 5.974e+24 146028062069.997101 21624203592.402378 -6498.788485 19524.128849 

Star 30 red 1.98892e+30 10926.731302 542.724629 0.019701 0.001456 
Planet 5 green 5.974e+24 145962170334.495422 21819311036.403324 -6559.045195 19515.205883 

Star 30 red 1.98892e+30 11126.457047 557.692048 0.019882 0.001483 
Planet 5 green 5.974e+24 145895675769.961884 22014327942.991756 -6619.319367 19506.195734 

Star 30 red 1.98892e+30 11327.994005 572.934035 0.020063 0.001511 
Planet 5 green 5.974e+24 145828578199.367218 22209253438.084686 -6679.611162 19497.098251 

Star 30 red 1.98892e+30 11531.342713 588.453219 0.020244 0.001538 
Planet 5 green 5.974e+24 145760877444.073273 22404086646.076817 -6739.920740 19487.913283 

Star 30 red 1.98892e+30 11736.503712 604.252235 0.020425 0.001566 
Planet 5 green 5.974e+24 145692573323.831482 22598826689.824730 -6800.248263 19478.640678 

Star 30 red 1.98892e+30 11943.477549 620.333722 0.020607 0.001594 
Planet 5 green 5.974e+24 145623665656.781525 22793472690.631016 -6860.593891 19469.280280 

Star 30 red 1.98892e+30 12152.264774 636.700324 0.020788 0.001622 
Planet 5 green 5.974e+24 145554154259.449768 22988023768.228329 -6920.957786 19459.831933 

Star 30 red 1.98892e+30 12362.865943 653.354690 0.020969 0.001651 
Planet 5 green 5.974e+24 145484038946.747894 23182479040.763390 -6981.340109 19450.295480 

Star 30 red 1.98892e+30 12575.281618 670.299474 0.021151 0.001680 
Planet 5 green 5.974e+24 145413319531.971313 23376837624.780899 -7041.741021 19440.670761 

Star 30 red 1.98892e+30 12789.512364 687.537333 0.021332 0.001709 
Planet 5 green 5.974e+24 145341995826.797729 23571098635.207397 -7102.160685 19430.957615 

Star 30 red 1.98892e+30 13005.558751 705.070932 0.021514 0.001739 
Planet 5 green 5.974e+24 145270067641.285675 23765261185.335056 -7162.599263 19421.155880 

Star 30 red 1.98892e+30 13223.421355 722.902939 0.021695 0.001768 
Planet 5 green 5.974e+24 145197534783.872894 23959324386.805389 -7223.056915 19411.265391 

Star 30 red 1.98892e+30 13443.100756 741.036026 0.021877 0.001798 
Planet 5 green 5.974e+24 145124397061.374908 24153287349.592907 -7283.533805 19401.285983 

Star 30 red 1.98892e+30 13664.597539 759.472873 0.022059 0.001829 
Planet 5 green 5.974e+24 145050654278.983490 24347149181.988682 -7344.030094 19391.217487 

Star 30 red 1.98892e+30 13887.912294 778.216163 0.022241 0.001859 
Planet 5 green 5.974e+24 144976306240.265076 24540908990.583858 -7404.545946 19381.059735 

Star 30 red 1.98892e+30 14113.045617 797.268584 0.022422 0.001890 
Planet 5 green 5.974e+24 144901352747.159271 24734565880.253082 -7465.081522 19370.812556 

Star 30 red 1.98892e+30 14339.998106 816.632830 0.022604 0.001921 
Planet 5 green 5.974e+24 144825793599.977203 24928118954.137852 -7525.636986 19360.475778 

Star 30 red 1.98892e+30 14568.770367 836.311600 0.022786 0.001952 
Planet 5 green 5.974e+24 144749628597.400085 25121567313.629799 -7586.212501 19350.049225 

Star 30 red 1.98892e+30 14799.363010 856.307600 0.022968 0.001984 
Planet 5 green 5.974e+24 144672857536.477509 25314910058.353901 -7646.808228 19339.532723 

Star 30 red 1.98892e+30 15031.776648 876.623538 0.023150 0.002016 
Planet 5 green 5.974e+24 144595480212.626007 25508146286.151604 -7707.424333 19328.926094 

Star 30 red 1.98892e+30 15266.011901 897.262129 0.023332 0.002048 
Planet 5 green 5.974e+24 144517496419.627289 25701275093.063873 -7768.060978 19318.229159 

Star 30 red 1.98892e+30 15502.069393 918.226095 0.023515 0.002080 
Planet 5 green 5.974e+24 144438905949.626770 25894295573.314175 -7828.718326 19307.441736 

Star 30 red 1.98892e+30 15739.949754 939.518161 0.023697 0.002113 
Planet 5 green 5.974e+24 144359708593.131958 26087206819.291355 -7889.396542 19296.563644 

Star 30 red 1.98892e+30 15979.653618 961.141060 0.023879 0.002146 
Planet 5 green 5.974e+24 144279904139.010712 26280007921.532475 -7950.095789 19285.594697 

Star 30 red 1.98892e+30 16221.181624 983.097528 0.024062 0.002179 
Planet 5 green 5.974e+24 144199492374.489777 26472697968.705524 -8010.816231 19274.534711 

Star 30 red 1.98892e+30 16464.534415 1005.390308 0.024244 0.002213 
Planet 5 green 5.974e+24 144118473085.153015 26665276047.592094 -8071.558033 19263.383496 

Star 30 red 1.98892e+30 16709.712642 1028.022150 0.024427 0.002246 
Planet 5 green 5.974e+24 144036846054.939880 26857741243.069927 -8132.321358 19252.140864 

Star 30 red 1.98892e+30 16956.716957 1050.995807 0.024609 0.002280 
Planet 5 green 5.974e+24 143954611066.143677 27050092638.095425 -8193.106373 19240.806623 

Star 30 red 1.98892e+30 17205.548020 1074.314040 0.024792 0.002315 
Planet 5 green 5.974e+24 143871767899.409912 27242329313.686028 -8253.913240 19229.380580 

Star 30 red 1.98892e+30 17456.206495 1097.979615 0.024974 0.002349 
Planet 5 green 5.974e+24 143788316333.734680 27434450348.902557 -8314.742125 19217.862541 

Star 30 red 1.98892e+30 17708.693050 1121.995304 0.025157 0.002384 
Planet 5 green 5.974e+24 143704256146.462921 27626454820.831429 -8375.593193 19206.252309 

Star 30 red 1.98892e+30 17963.008359 1146.363886 0.025340 0.002419 
Planet 5 green 5.974e+24 143619587113.286804 27818341804.566807 -8436.466609 19194.549685 

Star 30 red 1.98892e+30 18219.153101 1171.088144 0.025523 0.002455 
Planet 5 green 5.974e+24 143534309008.244019 28010110373.192661 -8497.362539 19182.754470 

Star 30 red 1.98892e+30 18477.127959 1196.170868 0.025706 0.002490 
Planet 5 green 5.974e+24 143448421603.716003 28201759597.764736 -8558.281148 19170.866462 

Star 30 red 1.98892e+30 18736.933622 1221.614856 0.025889 0.002526 
Planet 5 green 5.974e+24 143361924670.426361 28393288547.292419 -8619.222602 19158.885456 

Star 30 red 1.98892e+30 18998.570784 1247.422909 0.026072 0.002563 
Planet 5 green 5.974e+24 143274817977.439087 28584696288.720547 -8680.187067 19146.811247 

Star 30 red 1.98892e+30 19262.040143 1273.597836 0.026255 0.002599 
Planet 5 green 5.974e+24 143187101292.156830 28775981886.911091 -8741.174708 19134.643628 

Star 30 red 1.98892e+30 19527.342403 1300.142453 0.026439 0.002636 
Planet 5 green 5.974e+24 143098774380.319214 28967144404.624763 -8802.185692 19122.382390 

Star 30 red 1.98892e+30 19794.478273 1327.059580 0.026622 0.002673 
Planet 5 green 5.974e+24 143009837006.001068 29158182902.502533 -8863.220185 19110.027322 

Star 30 red 1.98892e+30 20063.448466 1354.352047 0.026805 0.002711 
Planet 5 green 5.974e+24 142920288931.610687 29349096439.047035 -8924.278354 19097.578210 

Star 30 red 1.98892e+30 20334.253701 1382.022687 0.026989 0.002748 
Planet 5 green 5.974e+24 142830129917.888123 29539884070.603905 -8985.360366 19085.034841 

Star 30 red 1.98892e+30 20606.894701 1410.074341 0.027172 0.002786 
Planet 5 green 5.974e+24 142739359723.903442 29730544851.342991 -9046.466388 19072.396996 

Star 30 red 1.98892e+30 20881.372196 1438.509857 0.027356 0.002824 
Planet 5 green 5.974e+24 142647978107.054871 29921077833.239491 -9107.596586 19059.664458 

Star 30 red 1.98892e+30 21157.686919 1467.332088 0.027540 0.002863 
Planet 5 green 5.974e+24 142555984823.067169 30111482066.054974 -9168.751128 19046.837007 

Star 30 red 1.98892e+30 21435.839609 1496.543897 0.027723 0.002902 
Planet 5 green 5.974e+24 142463379625.989716 30301756597.318325 -9229.930181 19033.914420 

Star 30 red 1.98892e+30 21715.831009 1526.148150 0.027907 0.002941 
Planet 5 green 5.974e+24 142370162268.194885 30491900472.306561 -9291.133913 19020.896473 

Star 30 red 1.98892e+30 21997.661868 1556.147722 0.028091 0.002980 
Planet 5 green 5.974e+24 142276332500.376160 30681912734.025562 -9352.362492 19007.782939 

Star 30 red 1.98892e+30 22281.332941 1586.545494 0.028275 0.003020 
Planet 5 green 5.974e+24 142181890071.546356 30871792423.190712 -9413.616086 18994.573591 

Star 30 red 1.98892e+30 22566.844986 1617.344355 0.028459 0.003060 
Planet 5 green 5.974e+24 142086834729.035889 31061538578.207405 -9474.894863 18981.268198 

Star 30 red 1.98892e+30 22854.198767 1648.547199 0.028643 0.003100 
Planet 5 green 5.974e+24 141991166218.490906 31251150235.151474 -9536.198991 18967.866529 

Star 30 red 1.98892e+30 23143.395053 1680.156930 0.028828 0.003141 
Planet 5 green 5.974e+24 141894884283.871552 31440626427.749496 -9597.528638 18954.368350 

Star 30 red 1.98892e+30 23434.434618 1712.176456 0.029012 0.003182 
Planet 5 green 5.974e+24 141797988667.450073 31629966187.359016 -9658.883974 18940.773424 

Star 30 red 1.98892e+30 23727.318242 1744.608694 0.029196 0.003223 
Planet 5 green 5.974e+24 141700479109.809113 31819168542.948624 -9720.265167 18927.081514 

Star 30 red 1.98892e+30 24022.046709 1777.456569 0.029381 0.003264 
Planet 5 green 5.974e+24 141602355349.839844 32008232521.077961 -9781.672387 18913.292380 

Star 30 red 1.98892e+30 24318.620808 1810.723011 0.029565 0.003306 
Planet 5 green 5.974e+24 141503617124.740143 32197157145.877598 -9843.105802 18899.405780 

Star 30 red 1.98892e+30 24617.041333 1844.410958 0.029750 0.003348 
Planet 5 green 5.974e+24 141404264170.012756 32385941439.028801 -9904.565583 18885.421470 

Star 30 red 1.98892e+30 24917.309085 1878.523358 0.029934 0.003390 
Planet 5 green 5.974e+24 141304296219.463501 32574584419.743195 -9966.051897 18871.339204 

Star 30 red 1.98892e+30 25219.424867 1913.063162 0.030119 0.003433 
Planet 5 green 5.974e+24 141203713005.199432 32763085104.742302 -10027.564917 18857.158735 

Star 30 red 1.98892e+30 25523.389490 1948.033333 0.030304 0.003476 
Planet 5 green 5.974e+24 141102514257.627014 32951442508.236977 -10089.104810 18842.879811 

Star 30 red 1.98892e+30 25829.203769 1983.436838 0.030489 0.003519 
Planet 5 green 5.974e+24 141000699705.450226 33139655641.906719 -10150.671749 18828.502182 

Star 30 red 1.98892e+30 26136.868523 2019.276654 0.030674 0.003562 
Planet 5 green 5.974e+24 140898269075.668823 33327723514.878880 -10212.265902 18814.025592 

Star 30 red 1.98892e+30 26446.384577 2055.555765 0.030859 0.003606 
Planet 5 green 5.974e+24 140795222093.576355 33515645133.707733 -10273.887440 18799.449786 

Star 30 red 1.98892e+30 26757.752762 2092.277162 0.031044 0.003650 
Planet 5 green 5.974e+24 140691558482.758484 33703419502.353439 -10335.536535 18784.774505 

Star 30 red 1.98892e+30 27070.973914 2129.443846 0.031229 0.003694 
Planet 5 green 5.974e+24 140587277965.090973 33891045622.160896 -10397.213356 18769.999489 

Star 30 red 1.98892e+30 27386.048872 2167.058823 0.031415 0.003739 
Planet 5 green 5.974e+24 140482380260.737915 34078522491.838448 -10458.918076 18755.124475 

Star 30 red 1.98892e+30 27702.978482 2205.125109 0.031600 0.003784 
Planet 5 green 5.974e+24 140376865088.149933 34265849107.436489 -10520.650864 18740.149198 

Star 30 red 1.98892e+30 28021.763596 2243.645728 0.031786 0.003829 
Planet 5 green 5.974e+24 140270732164.062225 34453024462.325943 -10582.411894 18725.073392 

Star 30 red 1.98892e+30 28342.405069 2282.623712 0.031971 0.003875 
Planet 5 green 5.974e+24 140163981203.492737 34640047547.176605 -10644.201336 18709.896787 

Star 30 red 1.98892e+30 28664.903763 2322.062100 0.032157 0.003921 
Planet 5 green 5.974e+24 140056611919.740326 34826917349.935379 -10706.019362 18694.619113 

Star 30 red 1.98892e+30 28989.260543 2361.963940 0.032343 0.003967 
Planet 5 green 5.974e+24 139948624024.382874 35013632855.804352 -10767.866145 18679.240096 

Star 30 red 1.98892e+30 29315.476281 2402.332289 0.032529 0.004014 
Planet 5 green 5.974e+24 139840017227.275482 35200193047.218773 -10829.741855 18663.759459 

Star 30 red 1.98892e+30 29643.551854 2443.170211 0.032715 0.004060 
Planet 5 green 5.974e+24 139730791236.548523 35386596903.824905 -10891.646667 18648.176927 

Star 30 red 1.98892e+30 29973.488143 2484.480780 0.032901 0.004108 
Planet 5 green 5.974e+24 139620945758.605835 35572843402.457710 -10953.580752 18632.492218 

Star 30 red 1.98892e+30 30305.286037 2526.267078 0.033087 0.004155 
Planet 5 green 5.974e+24 139510480498.122833 35758931517.118439 -11015.544283 18616.705050 

Star 30 red 1.98892e+30 30638.946426 2568.532194 0.033273 0.004203 
Planet 5 green 5.974e+24 139399395158.044708 35944860218.952065 -11077.537433 18600.815139 

Star 30 red 1.98892e+30 30974.470209 2611.279228 0.033459 0.004251 
Planet 5 green 5.974e+24 139287689439.584442 36130628476.224586 -11139.560375 18584.822198 

Star 30 red 1.98892e+30 31311.858288 2654.511288 0.033646 0.004299 
Planet 5 green 5.974e+24 139175363042.221100 36316235254.300201 -11201.613283 18568.725938 

Star 30 red 1.98892e+30 31651.111571 2698.231489 0.033832 0.004348 
Planet 5 green 5.974e+24 139062415663.697845 36501679515.618340 -11263.696329 18552.526067 

Star 30 red 1.98892e+30 31992.230971 2742.442958 0.034019 0.004397 
Planet 5 green 5.974e+24 138948847000.020111 36686960219.670555 -11325.809688 18536.222293 

Star 30 red 1.98892e+30 32335.217406 2787.148828 0.034205 0.004446 
Planet 5 green 5.974e+24 138834656745.453796 36872076322.977280 -11387.953534 18519.814318 

Star 30 red 1.98892e+30 32680.071800 2832.352242 0.034392 0.004496 
Planet 5 green 5.974e+24 138719844592.523315 37057026779.064415 -11450.128040 18503.301845 

Star 30 red 1.98892e+30 33026.795082 2878.056354 0.034579 0.004545 
Planet 5 green 5.974e+24 138604410232.009857 37241810538.439835 -11512.333381 18486.684573 

Star 30 red 1.98892e+30 33375.388185 2924.264324 0.034766 0.004596 
Planet 5 green 5.974e+24 138488353352.949402 37426426548.569672 -11574.569731 18469.962200 

Star 30 red 1.98892e+30 33725.852050 2970.979323 0.034953 0.004646 
Planet 5 green 5.974e+24 138371673642.630981 37610873753.854515 -11636.837265 18453.134419 

Star 30 red 1.98892e+30 34078.187620 3018.204531 0.035140 0.004697 
Planet 5 green 5.974e+24 138254370786.594788 37795151095.605431 -11699.136157 18436.200923 

Star 30 red 1.98892e+30 34432.395845 3065.943137 0.035327 0.004748 
Planet 5 green 5.974e+24 138136444468.630310 37979257512.019852 -11761.466583 18419.161402 

